$SPEC_ID:
No sample description was entered.
$SPEC_REM:
DET# 1
DETDESC# Germanium; 11080668
AP# Maestro Version 6.08
$DATE_MEA:
09/28/2018 15:24:20
$MEAS_TIM:
608 609
$DATA:
0 2047
       0
       0
       0
       0
       0
       0
       0
       0
       0
       0
       0
       0
       0
       0
       0
       0
       0
       0
       0
       0
       0
       0
       0
       0
       0
       0
       0
       0
       0
       0
       0
       0
       0
       0
       0
       0
       0
       0
       0
       0
       0
       0
       0
       0
       0
       0
       0
       0
       0
       0
       0
       0
       0
       0
       0
       0
       0
      34
      67
      78
      68
      68
      66
      50
      54
      71
      81
      66
      60
      54
      57
      59
      64
      57
      63
      57
      68
      56
      55
      51
      54
      56
      36
      42
      42
      50
      54
      37
      42
      40
      66
      48
      42
      57
      48
      30
      32
      34
      47
      47
      31
      39
      27
      30
      31
      33
      32
      33
      26
      30
      34
      38
      18
      45
      38
      44
      44
      55
      62
      43
      44
      39
      48
      34
      34
      29
      30
      25
      19
      27
      28
      23
      23
      23
      19
      23
      24
      15
      24
      23
      26
      32
      30
      15
      27
      27
      26
      22
      23
      33
      14
      20
      30
      24
      23
      21
      27
      36
      33
      33
      25
      25
      21
      33
      36
      36
      36
      38
      28
      23
      29
      47
      37
      33
      26
      29
      33
      34
      51
      39
      39
      49
      31
      44
      51
      54
      44
      57
      48
      56
      57
      66
      50
      63
      51
      50
      59
      56
      72
      71
      70
      83
      59
      63
      60
      64
      69
      68
      66
      51
      48
      67
      59
      63
      65
      54
      50
      69
      50
      62
      56
      54
      54
      50
      58
      46
      64
      50
      55
      55
      41
      61
      43
      46
      41
      56
      53
      55
      55
      44
      51
      45
      53
      39
      41
      41
      35
      46
      51
      44
      41
      49
      41
      44
      38
      53
      41
      44
      46
      44
      40
      39
      41
      34
      31
      33
      42
      41
      53
      45
      37
      40
      43
      30
      42
      44
      49
      32
      46
      41
      36
      54
      38
      42
      45
      52
      62
      47
      43
      45
      39
      42
      30
      40
      48
      42
      43
      37
      47
      37
      43
      43
      36
      34
      35
      48
      39
      48
      42
      48
      39
      49
      36
      27
      31
      45
      39
      47
      43
      38
      32
      43
      36
      46
      47
      43
      40
      33
      36
      34
      37
      50
      38
      39
      43
      36
      48
      50
      44
      29
      30
      34
      35
      46
      35
      40
      37
      22
      40
      37
      36
      36
      37
      31
      28
      43
      35
      39
      31
      31
      42
      27
      31
      40
      26
      29
      29
      31
      33
      33
      44
      39
      32
      35
      40
      29
      30
      38
      31
      30
      34
      33
      26
      31
      31
      29
      28
      36
      30
      29
      28
      23
      40
      33
      25
      24
      28
      17
      25
      20
      33
      29
      36
      39
      26
      30
      28
      28
      29
      44
      33
      21
      25
      20
      23
      31
      27
      19
      28
      35
      26
      38
      34
      31
      31
      33
      29
      34
      23
      28
      28
      17
      32
      23
      20
      32
      35
      24
      31
      25
      29
      26
      23
      22
      28
      24
      33
      27
      33
      28
      17
      21
      19
      26
      15
      33
      25
      28
      30
      24
      24
      26
      19
      33
      18
      25
      20
      25
      20
      27
      15
      29
      20
      25
      23
      24
      19
      17
      22
      20
      22
      24
      29
      27
      24
      15
      19
      30
      23
      19
      20
      28
      21
      22
      23
      16
      21
      17
      19
      25
      28
      24
      13
      18
      15
      22
      22
      16
      16
      21
      16
      20
      26
      18
      27
      23
      14
      14
      13
      23
      21
      16
      26
      28
      13
      17
      14
      17
      19
      16
      15
      20
      29
      17
      24
      18
      14
      24
      20
      20
      22
      20
      16
      27
      18
      14
      15
      15
      19
      20
      12
      22
      14
      18
      12
      22
      19
      27
      24
      19
      11
      18
      16
      29
      16
      17
      16
      10
      12
      24
      15
      15
      21
      14
      13
      26
      20
      16
      22
       9
      27
      19
      18
      20
      13
      19
      20
      18
      17
      14
      17
      18
      23
      24
      12
      24
      11
      19
      20
      19
      21
      19
      24
      19
      12
      25
      18
      13
      14
      16
      19
      18
      18
      16
      15
      20
      19
       8
      11
      18
      16
      22
      12
      22
      30
      14
      16
      14
      20
      17
       9
      17
      14
      14
      20
      14
      12
      15
      21
      16
       7
      14
       9
      14
      20
      15
      18
      15
      14
      17
      12
      15
      15
      12
      24
      13
      15
      16
      10
       5
      16
      12
      12
      23
       9
      22
      11
      10
      17
      13
       8
       9
      11
      13
      12
      21
      10
      14
      11
      15
      11
      12
       7
      14
      15
       9
      12
      11
      11
      11
      13
      15
      16
      19
       6
      11
       8
      21
      13
       4
      14
      10
      12
       5
      12
      11
      10
      12
      12
       8
      15
       9
      11
      12
      17
      13
      12
      12
      18
      13
       9
      19
       7
      10
      18
      11
      13
      12
       8
      16
       7
      12
      13
      17
      15
      10
      14
       7
       6
       5
      17
      12
       9
       6
       7
      13
       8
      16
       3
      16
      11
      10
      14
      11
       8
       9
      12
       7
      11
       8
      10
      10
      11
       9
      11
      12
       8
       7
      12
      11
       6
       9
       6
      11
       5
       9
       6
       5
       3
      11
      10
      13
      10
       7
       7
      15
       8
       6
      11
       9
       4
       7
       7
       8
      10
       4
       5
       9
      10
      10
       7
      12
       7
       9
      12
      10
      12
       6
      14
      12
      10
       9
       7
       7
      13
       8
      14
       9
       8
       5
      10
       5
      11
      12
      13
       9
       6
       6
       2
      10
       9
       8
       8
       9
      12
      15
       9
       6
      11
       4
      12
       8
       4
      11
       6
       5
       7
       9
       8
       4
       8
      13
       6
       8
       9
       4
       6
       9
       7
       6
      10
       8
       5
       6
       8
       6
      10
       4
       5
       8
       5
       9
       5
       9
       5
       6
      10
      11
       8
       7
      12
       4
       7
       3
       7
       8
       6
      10
       6
       9
       6
       6
       9
       5
       9
       7
       9
       7
      12
       4
       5
      11
       3
       7
       6
       9
       7
       6
      15
       7
       5
       4
       8
       9
       8
      11
       4
       9
       7
       4
       5
       8
       6
      10
       3
       9
      11
       9
       5
      10
       6
       6
       7
       8
       5
       2
       3
       3
       6
       9
       6
       2
       6
       3
       6
       6
       5
       3
       3
       7
       4
       7
       8
       1
       7
       4
       3
      11
       8
       3
       8
       3
       4
       6
       5
       8
       4
       4
       4
       8
       7
       9
       3
       7
       8
       5
       6
       2
       2
       7
       4
       4
      11
       7
       5
       5
      12
       6
       4
      13
       5
       4
       6
       7
       4
       6
       2
       3
       6
       3
       1
       5
       8
       5
       7
       7
       3
       3
      10
       8
       7
       8
       7
       5
       2
       3
       8
       3
       8
       7
       4
       5
       2
       2
       7
       5
       6
       2
       4
       3
       4
       2
       3
       4
      10
       2
       4
       6
       4
       4
       2
       3
       5
       3
       7
       7
       2
       3
       5
       2
       3
       5
       4
       6
       6
       4
       4
       9
       3
       4
       7
       3
       4
       4
       3
       4
       2
       3
       3
       4
       4
       4
       5
      10
       4
       7
       5
       7
       3
       5
       3
       4
       2
       5
       5
       7
       3
       7
       6
       1
       3
       5
       3
       1
       6
       4
       4
       8
       2
       3
       3
       4
       5
       3
       7
       3
       4
       3
       5
       4
       2
       3
       3
       4
       6
       5
       2
       4
       6
       8
       6
       7
       2
       5
       3
       4
       8
       3
       6
       4
      10
       3
       7
       3
       4
       5
       3
       1
       4
       5
       4
       4
       8
       3
       6
       8
       8
       8
       2
       5
       1
       3
       4
       4
       3
       6
       4
       6
       4
       7
       4
       4
       5
       1
       3
       5
       2
       2
       0
       6
       8
       3
       4
       4
       4
       1
       2
       5
      10
       3
       3
       0
       3
       1
       1
       3
       3
       6
       4
       5
       3
       5
       3
       6
       7
       3
       9
       3
       6
       6
       2
       7
       5
       4
       3
       6
       6
       1
       5
       2
       7
       4
       1
       5
       3
       4
       1
       1
       1
       4
       5
       3
       4
       1
       7
       3
       5
       1
       5
       3
       5
       4
       4
       4
       4
       4
       5
       4
       6
       2
       3
       2
       4
       4
       2
       9
       5
       2
       7
       2
       5
       6
       5
       4
       8
       4
       0
       3
       2
       5
       2
       4
       3
       3
       3
       4
       4
       3
       6
       8
       4
       5
       5
       4
       5
       4
       6
       6
       5
       6
       4
       3
       5
       4
       2
       3
       5
       4
       6
       5
       6
       4
       4
       3
       6
       7
       1
       5
       2
       6
       0
       4
       3
       5
       1
       2
       6
       2
       6
       2
       3
       5
       5
       5
       4
       6
       4
       3
      10
       9
       3
       6
       3
       4
       2
       5
       4
       4
       1
       6
       3
       1
       2
       3
       3
       0
       0
       4
       6
       3
       3
       2
       4
       3
       5
       5
       4
       0
       5
       8
       4
       2
       5
       2
       6
       8
       5
       4
       3
       2
       2
       2
       5
       3
       4
       2
       2
       3
       5
       4
       2
       4
       6
       3
       3
       2
       7
       2
       5
       1
       6
       1
       4
       1
       2
       4
       6
       2
       2
       5
       3
       4
       1
       4
       1
       6
       4
       3
       1
       4
       2
       3
       6
       8
       7
       5
       3
       3
       2
       1
       7
       2
       4
       3
       1
       2
       5
       6
       4
       7
       4
       3
       2
       3
       5
       5
       3
       3
       2
       6
       6
       2
       6
       5
       2
       1
       2
       4
       6
       2
       3
       6
       2
       3
       6
       3
       5
       5
      10
       5
       0
       5
       3
       3
       7
       3
       6
       2
       3
       4
       4
       3
       2
       2
       1
       5
       3
       4
       5
       5
       0
       6
       3
       3
       2
       4
       3
       1
       4
       5
       5
       2
       5
       5
       4
       1
       4
       4
       3
       5
       9
       2
       1
       2
       2
       3
       2
       3
       3
       4
       1
       2
       1
       3
       4
       2
       4
       3
       1
       3
       1
       2
       3
       1
       5
       1
       2
       5
       2
       6
       8
       3
       6
       3
       4
       4
       4
       5
       2
       5
       1
       1
       2
       0
       2
       5
       1
       2
       2
       6
       1
       5
       5
       3
       2
       1
       0
       4
       4
       3
       1
       3
       3
       6
       4
       3
       5
       1
       3
       2
       3
       4
       4
       1
       4
       2
       2
       0
       3
       4
       4
       3
       4
       7
       4
       2
       5
       3
       2
       3
       3
       2
       1
       3
       2
       4
       4
       4
       2
       5
       1
       2
       3
       2
       5
       4
       4
       7
       1
       3
       5
       2
       1
       3
       3
       0
       2
       2
       3
       3
       2
       5
       3
       2
       0
       4
       3
       2
       1
       1
       3
       1
       2
       4
       2
       2
       4
       4
       1
       5
       3
       0
       2
       2
       3
       4
       2
       4
       4
       3
       1
       5
       3
       6
       0
       1
       1
       0
       2
       0
       1
       5
       3
       3
       3
       3
       4
       1
       4
       1
       2
       2
       4
       2
       2
       6
       2
       0
       2
       5
       2
       6
       0
       3
       1
       1
       1
       4
       1
       1
       5
       1
       1
       0
       4
       2
       3
       3
       1
       0
       2
       3
       6
       3
       4
       2
       1
       3
       0
       1
       3
       0
       3
       1
       3
       0
       1
       2
       0
       2
       4
       2
       3
       0
       1
       1
       3
       3
       2
       2
       1
       0
       5
       1
       1
       1
       1
       2
       0
       0
       1
       5
       2
       1
       2
       3
       2
       4
       4
       5
       2
       0
       2
       5
       0
       2
       0
       1
       0
       2
       5
       2
       0
       4
       3
       1
       3
       0
       0
       3
       3
       2
       2
       7
       3
       0
       2
       5
       5
       1
       1
       2
       4
       3
       2
       3
       2
       4
       1
       2
       3
       2
       5
       2
       2
       3
       2
       1
       1
       2
       2
       0
       2
       6
       2
       7
       4
       3
       3
       8
       0
       0
       0
       0
       1
       5
       2
       2
       2
       2
       2
       2
       1
       3
       1
       1
       0
       3
       2
       4
       2
       4
       0
       0
       3
       2
       1
       2
       1
       2
       4
       2
       2
       1
       1
       3
       4
       3
       2
       0
       5
       0
       2
       1
       2
       0
       0
       1
       2
       3
       3
       3
       3
       1
       4
       2
       2
       1
       1
       2
       2
       2
       1
       2
       2
       5
       3
       4
       3
       4
       5
       0
       2
       3
       3
       1
       3
       1
       1
       3
       1
       3
       1
       3
       0
       2
       1
       1
       1
       2
       1
       4
       0
       1
       1
       2
       3
       3
       2
       2
       4
       1
       2
       3
       3
       3
       3
       0
       1
       1
       1
       5
       3
       0
       0
       2
       0
       1
       0
       2
       0
       2
       1
       3
       2
       1
       1
       3
       5
       2
       7
       2
       1
       0
       1
       1
       2
       0
       2
       2
       0
       3
       2
       5
       0
       1
       1
       0
       1
       1
       0
       2
       0
       0
       1
       2
       3
       1
       1
       1
       2
       0
       2
       1
       3
       5
       5
       1
       1
       2
       1
       4
       0
       2
       3
       1
       1
       0
       2
       0
       2
       2
       1
       2
       0
       3
       2
       1
       2
       3
       2
       0
       1
       4
       3
       3
       0
       0
       0
       0
       0
       0
       0
       0
       0
       0
       0
       0
       0
       0
       1
       0
       0
       0
       0
       0
       0
       0
       0
       0
       0
       0
       0
       0
       0
       0
       0
       0
       0
       0
       0
       0
       0
       0
       0
       0
       0
       0
       0
       0
       0
       0
       0
       0
       0
       0
       0
       0
$ROI:
1
1526 1709
$PRESETS:
None
0
0
$ENER_FIT:
0.000000 0.001699
$MCA_CAL:
3
0.000000E+000 1.699467E-003 0.000000E+000 keV
$SHAPE_CAL:
3
0.000000E+000 0.000000E+000 0.000000E+000
