$SPEC_ID:
No sample description was entered.
$SPEC_REM:
DET# 1
DETDESC# Easy-MCA 2k Ser:112316
AP# Maestro Version 6.08
$DATE_MEA:
09/28/2018 17:09:42
$MEAS_TIM:
555 562
$DATA:
0 2047
       0
       0
       0
       0
       0
       0
       0
       0
       0
       0
       0
       0
       0
       0
       0
       0
       0
       0
       0
       2
     671
    1005
    1024
    1081
    1025
    1012
    1070
    1050
    1079
    1028
    1116
    1109
    1202
    1167
    1249
    1393
    1303
    1456
    1493
    1709
    1732
    1826
    1930
    1970
    2053
    2068
    2179
    2261
    2490
    2611
    2981
    3665
    4326
    4622
    4022
    3048
    2404
    2272
    2614
    2854
    3112
    3209
    3571
    3737
    3682
    3943
    3734
    2893
    2038
    1969
    1983
    1918
    1987
    2288
    2589
    2464
    2172
    2048
    1895
    1736
    1705
    1675
    1651
    1612
    1643
    1512
    1584
    1653
    1677
    1641
    1682
    1686
    1711
    1600
    1491
    1510
    1481
    1429
    1440
    1368
    1473
    1418
    1390
    1351
    1377
    1370
    1360
    1325
    1365
    1318
    1290
    1312
    1244
    1249
    1250
    1201
    1223
    1230
    1232
    1204
    1187
    1205
    1252
    1200
    1140
    1228
    1197
    1165
    1202
    1188
    1231
    1108
    1209
    1153
    1097
    1117
    1140
    1056
    1069
    1110
    1077
    1032
    1061
    1086
    1039
    1076
    1061
    1169
    1279
    1304
    1255
    1072
     947
     990
     945
     912
     927
     939
     876
     867
     930
     835
     879
     891
     892
     891
     930
     978
    1497
    3814
    5213
    4227
    1778
     983
     740
     642
     668
     663
     666
     631
     640
     661
     663
     627
     621
     633
     643
     549
     589
     640
     581
     704
     827
     880
     801
     635
     585
     727
     810
     725
     608
     561
     554
     536
     505
     575
     590
     588
     525
     561
     589
     563
     572
     743
     798
     770
     631
     499
     458
     510
     509
     489
     541
     498
     493
     492
     512
     502
     514
     534
     495
     523
     537
     635
     784
     739
     633
     536
     516
     554
     791
    1346
    1484
    1140
     539
     473
     441
     425
     382
     417
     440
     498
     467
     446
     403
     388
     409
     409
     392
     392
     393
     391
     408
     431
     375
     398
     403
     386
     439
     371
     387
     393
     384
     415
     369
     431
     373
     388
     362
     417
     383
     382
     402
     399
     375
     399
     378
     367
     359
     323
     358
     322
     426
     486
     451
     348
     310
     265
     305
     349
     298
     298
     307
     286
     273
     270
     296
     261
     264
     321
     296
     276
     277
     307
     259
     272
     290
     284
     272
     278
     293
     287
     286
     276
     292
     269
     261
     254
     277
     299
     359
     543
     628
     538
     334
     289
     235
     234
     228
     252
     252
     223
     274
     241
     272
     236
     256
     220
     229
     245
     256
     233
     241
     233
     242
     268
     226
     228
     229
     247
     243
     234
     272
     287
     314
     537
     862
    1013
     661
     321
     257
     205
     222
     220
     225
     221
     227
     244
     224
     213
     217
     238
     222
     221
     209
     217
     211
     257
     226
     250
     221
     204
     197
     247
     256
     232
     221
     225
     222
     227
     218
     208
     242
     237
     272
     274
     251
     232
     409
     594
     613
     403
     237
     251
     210
     230
     292
     416
    1291
    2202
    1964
     881
     236
     177
     173
     227
     174
     206
     174
     165
     160
     210
     178
     166
     216
     181
     161
     195
     265
     246
     222
     168
     185
     175
     170
     169
     169
     177
     149
     175
     177
     194
     184
     191
     158
     163
     179
     199
     180
     177
     170
     175
     183
     155
     145
     170
     156
     183
     166
     181
     146
     184
     169
     175
     184
     198
     301
     272
     228
     172
     174
     175
     187
     158
     171
     157
     169
     181
     178
     162
     191
     184
     158
     166
     166
     158
     173
     188
     171
     182
     160
     160
     160
     151
     190
     164
     181
     198
     178
     146
     174
     166
     173
     162
     164
     146
     135
     134
     141
     179
     151
     136
     193
     340
     531
     507
     313
     159
     141
     127
     133
     146
     150
     119
     123
     115
     125
     149
     111
     140
     137
     127
     129
     154
     178
     163
     157
     133
     124
     129
     134
     166
     127
     134
     122
     113
     184
     160
     200
     136
     103
      93
      90
     117
     132
     132
     180
     165
     117
     115
      98
     112
     169
     291
     291
     231
     116
      72
      72
      91
      79
      70
      90
      89
      94
      75
      78
      77
      73
      67
      70
      85
      96
      82
      71
      77
     103
      86
      71
      99
     115
     102
     103
     154
     155
     143
     108
     128
     108
      80
      77
      85
      64
      78
      91
      57
      65
      79
      69
      82
     124
     240
     287
     201
      85
      62
      65
      58
      69
      56
      60
      49
      54
      62
      63
      69
      68
      72
      57
      50
      72
      63
      45
      46
      52
      56
      87
      57
      58
      59
      72
      70
      75
      95
     102
     112
     132
     409
    1027
    1271
     878
     259
      46
      50
      37
      43
      45
      39
      48
      54
      36
      46
      37
      46
      49
      52
      50
      45
      50
      32
      44
      46
      57
      45
      54
      55
      34
      63
      47
      58
      61
      47
      59
      63
      62
      72
     107
     232
     291
     329
     449
     769
     682
     258
      58
      41
      36
      54
      39
      49
      34
      41
      53
      23
      21
      44
      37
      47
      27
      25
      30
      36
      43
      45
      32
      34
      37
      37
      39
      35
      28
      38
      28
      39
      26
      38
      30
      39
      36
      39
      33
      29
      29
      34
      24
      35
      25
      44
      43
      48
      48
      35
      40
      36
      35
      42
      39
      35
      33
      26
      39
      35
      37
      35
      24
      39
      33
      37
      50
     100
     202
     232
     146
      47
      37
      30
      38
      22
      35
      31
      49
      43
      60
      48
      41
      26
      31
      38
      41
      30
      33
      25
      30
      49
      52
      34
      24
      30
      44
      35
      41
      28
      42
      50
      38
      46
      51
      28
      46
      31
      34
      49
      61
      46
      39
      27
      29
      32
      28
      38
      43
      27
      34
      40
      38
      41
      32
      30
      37
      33
      28
      38
      27
      35
      24
      36
      46
      37
      33
      46
      31
      28
      31
      46
      32
      31
      41
      27
      32
      33
      29
      27
      35
      38
      39
      31
      31
      32
      28
      34
      43
      37
      35
      48
      28
      38
      40
      34
      31
      38
      31
      33
      31
      33
      33
      27
      24
      52
      37
      40
      34
      37
      33
      48
      36
      46
      26
      48
      34
      34
      37
      44
      26
      39
      34
      24
      23
      40
      34
      34
      38
      27
      41
      44
      57
      44
      44
      45
      42
      40
      29
      30
      25
      37
      36
      30
      30
      34
      30
      40
      25
      32
      34
      28
      31
      49
      50
      52
      31
      39
      29
      28
      35
      31
      36
      31
      35
      27
      31
      23
      31
      30
      34
      37
      32
      20
      22
      29
      30
      33
      23
      32
      33
      31
      27
      24
      35
      29
      27
      33
      37
      17
      33
      24
      34
      26
      30
      50
      30
      20
      35
      41
      25
      31
      23
      22
      32
      22
      33
      32
      34
      38
      31
      25
      31
      24
      25
      23
      31
      29
      39
      25
      23
      27
      30
      25
      27
      27
      26
      45
      38
      30
      29
      34
      35
      23
      29
      37
      31
      25
      21
      28
      26
      28
      13
      26
      24
      33
      32
      29
      24
      20
      26
      29
      26
      23
      13
      30
      24
      27
      17
      24
      19
      25
      27
      19
      21
      21
      22
      25
      23
      31
      17
      23
      28
      30
      18
      20
      25
      25
      24
      20
      27
      25
      19
      18
      16
      24
      13
      40
      57
     126
     178
     151
      77
      33
      23
      23
      21
      16
      22
      13
      16
       9
      14
      21
      13
      10
      15
      14
      12
      22
      10
      19
      13
      17
      29
      37
      53
      32
      26
      25
      42
      27
      17
      12
      15
      15
      19
      18
      25
      23
      21
      20
      20
      15
      18
      20
      13
      11
      24
      19
      12
      23
      14
      16
      18
      14
      26
      20
      12
      17
      21
      18
      16
       5
      20
      19
      16
      12
      14
      19
      20
      19
      17
      19
      16
      14
      13
      15
      13
      17
      29
      13
      18
      16
      14
      15
      26
      32
      29
      39
      24
      19
      35
      88
     101
     108
     146
     155
     111
      50
      24
      12
      22
      14
      23
      16
      19
      20
      19
      12
      18
      12
      17
      20
      15
      22
      28
      46
      65
      44
      34
      20
      21
      28
      50
      60
      50
      27
      28
      21
      28
      20
      26
      12
       9
      12
      17
      24
      16
      13
      19
      22
      24
      13
      14
      13
      17
      21
      17
      23
      24
      26
      18
      19
      13
      21
       9
      21
      20
      21
      17
      16
      17
      12
      18
      21
      17
      19
      15
      13
      29
      14
      16
      19
      11
      13
      17
      13
      21
      17
      21
      19
      21
      17
      13
      17
      16
      16
      14
      13
      15
      13
      24
       4
      17
      24
      14
      16
      17
      25
      15
      14
      16
      11
      14
      15
      23
      15
      11
      12
      12
      20
      20
      13
      20
      18
      14
      19
      18
      14
      15
      14
      22
      25
      33
      17
      25
      22
      36
      19
      17
      15
      12
      14
      13
      16
      21
      17
      17
      16
      12
      23
       9
      11
      15
      19
      11
      18
      23
      17
      20
      15
      17
      11
      24
      12
      16
      13
      11
      11
      21
      15
      16
      12
      13
      15
      19
      12
      15
      16
      14
      18
      16
      18
      15
      20
      14
      24
      14
      20
      14
      23
      21
      20
      24
      21
      21
      14
      17
      14
      17
      16
      13
      14
      16
      17
       9
      18
      24
      16
      24
      19
      20
      18
      18
      12
      14
      20
      16
      11
      17
      17
      18
      17
      27
      20
      15
      20
      14
      23
      20
      25
      16
      12
      23
      12
      16
      13
      18
      25
      29
      21
      15
      16
      13
      21
      19
       9
      17
      20
      18
      11
      27
      12
      15
      21
       8
      14
      22
      26
      15
      12
      16
      21
      19
      23
      17
      19
      13
      16
      10
      19
      19
      19
      12
      16
      15
       7
      19
      18
      13
       9
      14
      13
      15
      16
      17
      21
      16
      14
      14
      21
      15
      16
      15
      25
      18
      18
      25
      13
      22
      15
      15
      12
      13
      24
      14
      25
      13
      18
      18
      10
      14
      11
      17
      25
      13
      10
      20
      18
      16
      20
      16
      16
      10
      15
      16
      14
      16
      14
      19
      18
      15
      20
      16
      20
      18
      18
      15
      20
      15
      16
      17
      14
      23
      18
      18
      19
      14
      18
      11
      19
      17
      23
      17
      20
      23
      24
      22
      13
      16
      27
      25
      24
      17
      18
      18
      20
      17
      25
      17
      22
      12
      25
      26
      15
      15
      14
      20
      28
      50
      84
     112
     104
      64
      25
      20
      16
      15
      13
      22
      21
      20
      26
      18
      21
      17
      15
      24
      28
      29
      21
      23
      35
      18
      18
      18
      25
      17
      17
      17
      18
      26
      27
      17
      19
      20
      19
      17
      20
      26
      19
      13
      18
      24
      21
      22
      17
      12
      23
      24
      19
      24
      17
      16
      25
      19
      12
      21
      14
      24
      21
      20
      16
      17
      26
      24
      27
      23
      19
      20
      13
      19
      24
      25
      25
      30
      19
      26
      24
      17
      25
      22
      27
      22
      19
      22
      28
      22
      23
      13
      23
      26
      24
      30
      28
      20
      19
      30
      19
      20
      28
      17
      27
      24
      24
      25
      31
      24
      23
      17
      16
      30
      26
      26
      26
      32
      35
      24
      23
      28
      29
      23
      32
      27
      33
      27
      35
      29
      22
      31
      29
      18
      30
      21
      35
      25
      20
      34
      34
      29
      28
      21
      29
      19
      32
      21
      27
      28
      30
      35
      31
      28
      39
      33
      45
      29
      34
      33
      27
      36
      29
      36
      41
      31
      25
      37
      35
      38
      42
      32
      47
      35
      25
      40
      18
      46
      39
      32
      35
      32
      48
      41
      35
      41
      38
      26
      31
      37
      39
      36
      33
      34
      33
      35
      22
      33
      27
      35
      33
      29
      26
      28
      24
      21
      29
      21
      24
      23
      22
      26
      28
      29
      21
      20
      28
      27
      25
      16
      25
      22
      20
      25
      25
      12
      21
      13
      17
      17
      21
      26
      21
      19
      15
      27
      21
      18
      18
      16
      17
      13
      11
      15
      13
      18
      14
      16
      12
      12
      19
      22
       9
      14
       6
       8
      10
      12
       8
      15
       6
       6
      11
       6
       3
       6
       4
       7
       4
       7
       6
       5
       6
       7
       1
       4
       2
       6
       4
       3
      11
       4
       5
       7
       4
      11
       2
       6
       8
       7
       8
      14
       9
      11
      14
      12
      18
       7
      24
      37
     177
    1001
     760
      53
       1
       1
       3
       1
       0
       0
       0
       0
       0
       0
       3
       0
       1
       2
       1
       1
       1
       0
       4
       1
       3
       0
       1
       2
       1
       1
       0
       0
       1
       0
       1
       0
       0
       0
       0
       1
       0
       2
       0
       0
       0
       4
       0
       0
       1
       1
       0
       0
       1
       1
       1
       0
       0
       1
       1
       2
       1
       0
       0
       0
       1
       0
       0
       0
       0
       0
       1
       0
       0
       0
       0
       0
       0
       1
       0
       0
       0
       1
       0
       0
       2
       0
       1
       0
       0
       0
       0
       0
       1
       0
       1
       0
       1
       0
       0
       0
       0
       1
       0
       0
       0
       1
       0
       0
       0
       0
       0
       0
       0
       0
       0
       0
       0
       0
       0
       0
       0
       0
       1
       0
       0
       0
       0
       0
       0
       0
       0
       0
       0
       0
       0
       0
       2
       1
       1
       0
       0
       0
       1
       0
       0
       0
       1
       0
       0
       0
       0
       1
       0
       0
       0
       1
       0
       0
       0
       0
       0
       1
       0
       0
       1
       0
       0
       0
       0
       0
       0
       0
       0
       0
       0
       0
       0
       0
       0
       0
       0
       0
       0
       0
       0
       0
       0
       0
       0
       0
       0
       0
       0
       0
       0
       0
       0
       0
       0
       0
       0
       0
       0
       0
       0
       0
       0
       0
       0
       0
       0
       0
       0
       0
       0
       0
       0
$ROI:
0
$PRESETS:
None
0
0
$ENER_FIT:
0.016333 0.001321
$MCA_CAL:
3
1.633255E-002 1.321227E-003 5.515084E-008 MeV
$SHAPE_CAL:
3
0.000000E+000 0.000000E+000 0.000000E+000
