$SPEC_ID:
No sample description was entered.
$SPEC_REM:
DET# 1
DETDESC# Germanium; 11080668
AP# Maestro Version 6.08
$DATE_MEA:
09/28/2018 15:35:40
$MEAS_TIM:
300 301
$DATA:
0 2047
       0
       0
       0
       0
       0
       0
       0
       0
       0
       0
       0
       0
       0
       0
       0
       0
       0
       0
       0
       0
       0
       0
       0
       0
       0
       0
       0
       0
       0
       0
       0
       0
       0
       0
       0
       0
       0
       0
       0
       0
       0
       0
       0
       0
       0
       0
       0
       0
       0
       0
       0
       0
       0
       0
       0
       0
       1
      90
     106
      90
      84
      81
      90
      73
      93
      96
      87
      82
      88
      83
      68
      87
      76
      78
      88
      84
      76
      77
      62
      84
      72
      76
      91
      61
      84
      80
      90
      72
      80
      64
      65
      67
      82
      58
      67
      73
      61
      56
      76
      49
      48
      51
      56
      51
      52
      66
      56
      50
      46
      53
      45
      47
      45
      70
      58
      47
      47
      51
      51
      45
      45
      48
      45
      47
      50
      50
      46
      32
      39
      35
      39
      58
      24
      43
      37
      35
      40
      33
      31
      37
      38
      43
      44
      24
      32
      34
      47
      43
      39
      34
      35
      36
      28
      26
      32
      30
      34
      26
      28
      32
      33
      29
      31
      20
      27
      32
      22
      28
      23
      21
      27
      22
      24
      21
      16
      18
      16
      24
      29
      19
      19
      17
      19
      18
      15
      19
      26
      17
      22
      15
      11
      13
      16
      18
      20
      23
      16
      13
      17
      23
      19
      21
      20
      26
      19
      19
      24
      19
      25
      10
      12
      12
      14
       8
      13
      13
      17
       9
      26
      18
      18
      13
      16
      12
      19
      18
      17
      14
       9
       8
      14
      11
       9
      10
      14
       9
      17
      10
      16
       3
       8
      14
       8
      10
      12
      12
      10
       7
       7
       7
      14
      13
       9
       5
       7
       9
       8
      19
      11
       8
       9
      12
       2
       6
      11
       9
      10
      10
      11
       7
       5
      10
       7
       8
       5
      13
       8
      13
       4
       4
       6
       7
       7
       8
      13
       6
       8
       8
       6
       6
       9
       5
       5
       7
       7
      12
       2
       8
      10
       8
       9
      11
      10
      12
       7
      11
      16
      10
       6
       9
      10
      12
       8
       9
      12
      11
       5
       8
       8
       6
       9
       3
      12
       4
       3
       7
       9
       2
       7
       4
       3
      10
      11
      13
       8
       9
       2
       2
       6
       8
       6
       5
       7
       8
      10
       6
       4
       5
       5
       8
       8
       8
       3
       6
       5
       8
       6
       9
      11
       8
       1
       7
       5
      10
       7
       7
      10
       4
      11
       7
       3
       2
      10
       8
       8
       5
       5
       8
       6
       7
       8
       5
      10
       8
      12
       7
       8
       2
       9
       3
       9
       9
       3
       8
       5
       7
       4
       7
       9
       8
       3
       4
       1
       6
       7
       3
       5
       4
       3
       8
       5
       4
       3
       2
       6
       0
       5
       4
       4
       6
       1
       3
       3
       5
       7
       4
       2
       6
       4
       3
       3
       6
       5
       8
       4
       7
       6
       4
       9
       4
       1
       4
       4
       3
       6
       4
       8
       3
       5
       4
       3
       9
       5
      10
       5
       8
       5
       4
       4
       1
       1
       1
       3
       4
       6
       4
       1
       2
       5
       1
       5
       3
       4
       4
       7
       6
       4
       3
       4
       7
       3
       2
       3
       3
       4
       3
       3
       2
       2
       4
       3
       3
       4
       8
       4
       1
       4
       1
       5
       3
       3
       2
       8
       4
       5
       4
       5
       4
       4
       5
       2
       8
       4
       3
       1
       5
       2
       3
       6
       4
       2
       7
       2
       2
       3
       5
       3
       3
       4
       5
       3
       6
       2
       3
       5
       6
       4
       4
       5
       3
       2
       5
       8
       3
       4
       2
       5
       2
       4
       5
       4
       3
       3
       3
       3
       5
       1
       5
       1
       2
       3
       3
       2
       1
       7
       4
       4
       4
       5
       2
       3
       8
       3
       1
       1
       3
       2
       3
       2
       4
       3
       1
       4
       2
       3
       4
       4
       0
       2
       3
       5
       2
       4
       1
       2
       3
       1
       3
       7
       3
       5
       3
       7
       4
       5
       2
       4
       2
       0
       4
       9
       1
       0
       2
       7
       4
       2
       4
       2
       2
       3
       1
       3
       3
       2
       3
       1
       4
       2
       2
       3
       3
       0
       3
       4
       1
       4
       3
       2
       2
       2
       3
       5
       2
       2
       3
       1
       2
       2
       2
       7
       5
       1
       3
       1
       4
       5
       2
       2
       0
       3
       4
       3
       4
       1
       5
       5
       2
       1
       5
       5
       3
       2
       1
       2
       3
       3
       2
       4
       3
       2
       1
       4
       1
       2
       1
       2
       1
       1
       4
       4
       1
       1
       2
       3
       2
       1
       2
       1
       2
       4
       0
       2
       1
       5
       1
       1
       1
       3
       1
       1
       4
       1
       4
       1
       2
       1
       2
       3
       1
       3
       1
       2
       5
       1
       3
       2
       2
       0
       2
       0
       3
       1
       0
       0
       2
       3
       2
       3
       1
       1
       1
       3
       0
       4
       2
       2
       1
       0
       1
       1
       1
       2
       0
       1
       2
       0
       2
       1
       0
       4
       2
       1
       2
       1
       1
       1
       2
       1
       1
       0
       1
       0
       1
       2
       1
       3
       2
       1
       1
       1
       1
       1
       0
       1
       3
       0
       2
       2
       1
       4
       1
       1
       1
       2
       0
       2
       1
       2
       3
       2
       1
       0
       0
       1
       3
       0
       0
       2
       3
       1
       3
       0
       0
       2
       1
       3
       2
       0
       0
       2
       1
       1
       0
       1
       3
       2
       0
       1
       1
       0
       0
       2
       1
       1
       2
       4
       2
       2
       6
       2
       5
       0
       4
       5
       1
       2
       4
       1
       6
       3
       3
       8
       2
       3
       5
       1
       3
       1
       6
       4
       1
       0
       3
       6
       2
       6
       3
       3
       4
       2
       3
       3
       4
       1
       0
       1
       1
       2
       5
       3
       2
       2
       2
       1
       2
       0
       0
       2
       1
       2
       3
       1
       1
       3
       1
       1
       2
       1
       2
       0
       3
       0
       1
       0
       1
       2
       1
       0
       0
       1
       1
       0
       1
       0
       3
       0
       0
       1
       1
       0
       0
       0
       2
       0
       0
       0
       0
       1
       0
       0
       3
       1
       1
       0
       0
       0
       1
       0
       2
       0
       0
       0
       3
       0
       0
       1
       1
       1
       0
       1
       1
       1
       2
       0
       0
       0
       1
       1
       0
       0
       1
       0
       0
       1
       0
       0
       0
       0
       0
       0
       0
       0
       0
       0
       0
       0
       2
       1
       0
       0
       0
       0
       0
       0
       0
       1
       0
       0
       0
       1
       0
       1
       0
       0
       2
       0
       0
       0
       0
       1
       0
       0
       0
       0
       0
       0
       1
       1
       2
       0
       0
       0
       2
       0
       0
       1
       3
       1
       0
       0
       0
       0
       1
       0
       0
       1
       1
       0
       2
       0
       1
       0
       1
       1
       0
       0
       1
       0
       0
       0
       1
       0
       0
       1
       0
       2
       1
       1
       1
       0
       0
       0
       0
       0
       0
       1
       0
       0
       1
       0
       2
       0
       1
       1
       0
       0
       0
       1
       1
       1
       0
       0
       0
       0
       2
       0
       0
       0
       0
       0
       0
       0
       2
       1
       0
       0
       1
       0
       0
       1
       1
       0
       1
       0
       0
       0
       1
       0
       0
       0
       0
       1
       0
       0
       0
       0
       0
       1
       1
       2
       0
       0
       1
       1
       1
       0
       0
       0
       0
       1
       0
       0
       0
       1
       0
       0
       0
       0
       0
       0
       1
       0
       1
       0
       1
       0
       1
       0
       0
       0
       0
       0
       1
       0
       1
       0
       0
       0
       0
       0
       0
       0
       0
       0
       1
       0
       1
       0
       0
       0
       1
       0
       1
       0
       0
       0
       0
       0
       0
       0
       0
       0
       0
       0
       0
       0
       0
       0
       0
       0
       0
       0
       0
       0
       0
       1
       2
       0
       0
       0
       0
       1
       0
       0
       0
       0
       0
       0
       0
       0
       1
       0
       0
       0
       0
       0
       0
       1
       1
       0
       1
       0
       0
       0
       2
       0
       2
       0
       0
       0
       0
       2
       0
       0
       0
       1
       0
       0
       0
       0
       0
       2
       0
       1
       0
       2
       0
       1
       0
       0
       1
       0
       1
       0
       0
       0
       2
       0
       0
       0
       0
       0
       0
       0
       0
       0
       0
       0
       1
       0
       1
       0
       0
       0
       0
       0
       0
       0
       1
       2
       1
       0
       0
       1
       0
       0
       0
       0
       1
       0
       0
       0
       0
       0
       0
       0
       1
       1
       0
       2
       0
       0
       0
       0
       0
       0
       0
       0
       0
       0
       0
       1
       1
       0
       0
       0
       0
       0
       1
       0
       0
       2
       0
       0
       0
       1
       0
       0
       0
       1
       0
       1
       0
       1
       0
       0
       1
       1
       0
       0
       0
       2
       1
       0
       0
       0
       0
       1
       0
       0
       0
       1
       0
       0
       1
       0
       0
       0
       0
       0
       0
       0
       1
       1
       0
       0
       0
       0
       0
       1
       1
       0
       0
       0
       3
       0
       0
       1
       0
       0
       0
       0
       1
       0
       0
       0
       1
       0
       1
       0
       0
       1
       0
       0
       0
       0
       0
       0
       0
       0
       0
       0
       0
       0
       0
       2
       0
       0
       1
       0
       0
       0
       0
       0
       0
       0
       0
       0
       0
       0
       0
       1
       0
       0
       0
       0
       0
       0
       0
       0
       1
       0
       0
       0
       0
       0
       0
       0
       0
       1
       0
       0
       0
       1
       0
       0
       0
       0
       0
       0
       0
       0
       0
       0
       0
       0
       0
       0
       0
       0
       0
       0
       0
       0
       0
       0
       0
       0
       0
       0
       0
       0
       0
       0
       0
       0
       0
       0
       0
       1
       0
       1
       0
       0
       0
       0
       0
       3
       0
       0
       0
       0
       0
       0
       1
       0
       0
       0
       0
       0
       0
       0
       0
       1
       0
       0
       0
       0
       2
       0
       1
       0
       1
       0
       0
       2
       0
       0
       1
       0
       1
       2
       0
       0
       1
       0
       0
       0
       0
       2
       0
       0
       0
       0
       2
       0
       0
       0
       0
       2
       2
       0
       0
       0
       0
       0
       0
       0
       0
       0
       1
       0
       0
       0
       0
       1
       0
       0
       0
       0
       0
       0
       0
       0
       0
       0
       0
       0
       0
       0
       0
       0
       0
       0
       0
       0
       0
       0
       0
       0
       0
       0
       0
       0
       0
       0
       0
       0
       0
       0
       0
       0
       0
       0
       0
       0
       0
       0
       0
       0
       0
       0
       0
       0
       0
       0
       0
       0
       0
       0
       0
       0
       0
       0
       0
       0
       0
       0
       0
       0
       0
       0
       0
       0
       0
       0
       0
       0
       0
       0
       0
       0
       0
       0
       0
       0
       0
       0
       0
       0
       0
       0
       0
       0
       0
       0
       0
       0
       0
       0
       0
       0
       0
       0
       0
       0
       0
       0
       0
       0
       0
       0
       0
       1
       0
       0
       0
       0
       0
       0
       0
       0
       0
       0
       0
       0
       0
       0
       0
       0
       0
       0
       0
       0
       0
       0
       0
       0
       0
       0
       0
       0
       0
       0
       0
       0
       0
       0
       0
       0
       0
       0
       0
       0
       0
       0
       0
       0
       0
       0
       0
       0
       0
       0
       0
       0
       0
       0
       0
       0
       0
       0
       0
       0
       0
       0
       0
       0
       0
       0
       0
       0
       0
       0
       0
       0
       0
       0
       0
       0
       0
       0
       0
       0
       0
       0
       0
       0
       0
       0
       0
       0
       0
       0
       0
       0
       0
       0
       0
       0
       0
       0
       0
       0
       0
       0
       0
       0
       0
       0
       0
       0
       0
       0
       0
       0
       0
       0
       0
       0
       0
       0
       0
       0
       0
       0
       0
       0
       0
       0
       0
       0
       0
       0
       0
       0
       0
       0
       0
       0
       0
       0
       0
       0
       0
       0
       0
       0
       0
       0
       0
       0
       0
       0
       0
       0
       0
       0
       0
       0
       0
       0
       0
       0
       0
       0
       0
       0
       0
       0
       0
       0
       0
       0
       0
       0
       0
       0
       0
       0
       0
       0
       0
       0
       0
       0
       0
       0
       0
       0
       0
       0
       0
       0
       0
       0
       0
       0
       0
       0
       0
       0
       0
       0
       0
       0
       0
       0
       0
       0
       0
       0
       0
       0
       0
       0
       0
       0
       0
       0
       0
       0
       0
       0
       0
       0
       0
       0
       0
       0
       0
       0
       0
       0
       0
       0
       0
       0
       0
       0
       0
       0
       0
       0
       0
       0
       0
       0
       0
       0
       0
       0
       0
       0
       0
       0
       0
       0
       0
       0
       0
       0
       0
       0
       0
       0
       0
       0
       0
       0
       0
       0
       0
       0
       0
       0
       0
       0
       0
       0
       0
       0
       0
       0
       0
       0
       0
       0
       0
       0
       0
       0
       0
       0
       0
       0
       0
       1
       0
       0
       0
       0
       0
       0
       0
       0
       0
       0
       0
       0
       0
       0
       0
       0
       0
       0
       0
       0
       0
       0
       0
       0
       0
       0
       0
       0
       0
       0
       0
       0
       0
       0
       0
       0
       0
       0
       0
       0
       0
       0
       0
       0
       0
       0
       0
       0
       0
       0
       0
       0
       0
       0
       0
       0
       0
       0
       0
       0
       0
       0
       0
       0
       0
       0
       0
       0
       0
       0
       0
       0
       0
       0
       0
       0
       0
       0
       0
       0
       0
       0
       0
       0
       0
       0
       0
       0
       0
       0
       0
       0
       0
       0
       0
       0
       0
       0
       0
$ROI:
1
1526 1709
$PRESETS:
None
0
0
$ENER_FIT:
0.000000 0.001699
$MCA_CAL:
3
0.000000E+000 1.699467E-003 0.000000E+000 keV
$SHAPE_CAL:
3
0.000000E+000 0.000000E+000 0.000000E+000
