$SPEC_ID:
No sample description was entered.
$SPEC_REM:
DET# 1
DETDESC# Germanium; 11080668
AP# Maestro Version 6.08
$DATE_MEA:
09/28/2018 14:19:46
$MEAS_TIM:
693 693
$DATA:
0 2047
       0
       0
       0
       0
       0
       0
       0
       0
       0
       0
       0
       0
       0
       0
       0
       0
       0
       0
       0
       0
       0
       0
       0
       0
       0
       0
       0
       0
       0
       0
       0
       0
       0
       0
       0
       0
       0
       0
       0
       0
       0
       0
       0
       0
       0
       0
       0
       0
       0
       0
       0
       0
       0
       0
       0
       0
       6
     208
     235
     217
     224
     208
     199
     212
     220
     206
     213
     186
     211
     213
     185
     194
     184
     178
     203
     206
     203
     163
     181
     175
     186
     185
     169
     182
     174
     195
     160
     158
     169
     175
     180
     166
     154
     146
     149
     155
     156
     141
     150
     153
     148
     148
     150
     148
     142
     127
     120
     115
     123
     130
     128
     127
     110
     121
     119
     109
     108
     106
     102
      98
     112
      99
     121
      96
      79
     106
     124
     120
      93
     100
      82
      90
     101
      85
     102
      86
      85
      97
      89
      84
      85
     100
      96
      84
      67
      82
     100
      72
      78
      90
      96
      80
      79
      79
      71
      80
      69
      68
      67
      71
      68
      67
      75
      60
      58
      71
      59
      65
      59
      54
      74
      63
      57
      52
      64
      67
      44
      51
      55
      51
      54
      43
      35
      57
      46
      55
      55
      47
      46
      44
      34
      46
      56
      50
      46
      44
      36
      55
      41
      48
      41
      39
      48
      37
      35
      46
      33
      36
      46
      36
      26
      48
      45
      43
      40
      34
      40
      33
      37
      40
      32
      42
      32
      32
      28
      35
      33
      35
      25
      22
      23
      29
      28
      29
      32
      34
      37
      22
      25
      26
      28
      30
      22
      32
      28
      25
      27
      23
      33
      19
      32
      18
      28
      20
      24
      31
      22
      23
      25
      29
      19
      21
      28
      22
      19
      17
      25
      24
      21
      22
      21
      18
      18
      15
      17
      26
      23
      21
      26
      19
      21
      22
      24
      17
      28
      21
      16
      18
      19
      22
      22
      13
      15
      25
      22
      22
      20
      19
      26
      23
      23
      24
      17
      16
      16
      13
      17
      17
      22
      13
      13
      16
      21
      21
      18
       8
      16
      11
      19
      17
      15
      11
      19
      16
      22
      18
      21
      14
      18
      20
      11
      25
      18
      12
      15
      13
      14
      14
      22
      15
      14
      10
      18
      16
      17
      17
      25
      13
      18
      24
      19
      18
      14
      17
      21
      17
      20
      25
      21
      11
      19
      23
      15
      13
      15
      18
      15
      16
      14
      18
      19
      20
      14
      18
       9
      18
      12
      13
      14
      10
      18
      15
      12
      19
      27
      13
      12
      15
      18
      15
      13
      11
      19
      16
       6
      11
      12
       8
      18
      16
      20
      13
       8
      16
      19
      18
      14
       6
      14
       6
       7
       9
      12
      12
      12
      17
      14
       9
      11
      16
      11
      11
      10
       9
       9
       9
      15
       8
       9
      14
      10
      14
       7
      16
      12
       9
      10
      15
       6
      10
      15
       9
       8
      15
      11
       9
       8
       9
      11
       9
      12
      10
       9
       8
       8
       7
      11
       9
       6
      14
      13
       9
       4
       8
      18
       5
       8
      13
      17
       6
       6
       8
      11
       9
       9
       8
       7
       9
      13
      11
       8
      15
       9
       9
       7
      13
      10
       6
      10
       6
      10
       8
      12
      11
       3
       5
       7
      11
      13
      10
      10
      10
      11
      11
      12
      13
      10
      12
       8
       6
      11
       9
       9
      10
       9
      11
      10
      14
       8
       8
      12
       5
       4
       8
      12
       6
       6
       6
       7
       7
      12
       9
      10
      12
      10
      13
       9
      10
      13
      10
      12
       9
      10
       8
       7
      11
      11
      13
       4
      10
      13
       5
      14
       9
       5
       6
       9
       8
       9
       6
      12
       7
      10
       9
       7
       5
       8
       9
       8
      11
      10
       4
       7
       9
       6
       6
      10
       4
      11
       9
       5
      10
       9
       5
      10
       7
      15
       4
       3
       9
       8
       5
       6
      10
      14
       6
       9
       4
       3
       8
       8
      10
       9
       8
       5
       5
       7
       2
      11
       6
       7
       5
      10
       7
       6
       8
       7
       7
       4
       8
      12
       7
       8
       7
       5
       7
       5
       7
       6
       4
       8
       4
       5
       2
       4
       5
       8
       6
      10
      10
       0
       6
       4
       4
       6
       7
       6
       5
       4
       6
      11
       4
       3
       1
       5
       9
       5
       6
       7
       5
       8
       4
       6
       2
       6
       4
       4
       6
       3
      11
       4
       5
       4
       7
      11
       5
       4
       1
       8
       6
       8
       5
       4
       4
       7
       9
       6
       9
       2
       7
      10
       5
       8
       9
       9
       5
       8
       4
       3
       3
       4
       5
       4
       4
       6
       4
       5
       4
       4
       8
       7
       9
       2
       6
       5
       2
       6
       8
       4
       2
       5
       2
       7
       1
       4
       6
       7
       4
       1
       6
       4
       5
       5
       8
       4
       4
       6
       3
       4
       4
       8
       5
       3
       6
       2
       5
       8
       2
       9
       3
       3
       6
       3
       5
       5
      10
       4
       6
       4
       2
       7
       4
       2
       6
       3
       6
       7
       5
       1
       2
       4
       3
       2
       3
       3
       1
       6
       4
       3
       0
       3
       2
       7
       1
       5
       8
       2
       3
       3
       7
       2
       6
       3
       2
       0
       2
       7
       3
       4
       2
       2
       4
       3
       2
       4
       1
       2
       3
       2
       3
       3
       1
       3
       2
       4
       3
       4
       1
       2
       1
       2
       2
       5
       5
       7
       1
       8
       2
       7
       6
       5
       3
       4
       5
       7
       7
       8
       2
       6
       6
       2
      10
       8
      11
      10
       8
       6
       7
      13
       9
       7
       9
      13
       4
       8
      12
       8
       6
      13
       8
       3
      11
       5
      15
       3
      10
       8
       4
       8
       5
       2
       3
       6
       4
       4
       5
       4
       6
       1
       5
       7
       6
       1
       8
       4
       4
       3
       1
       3
       0
       4
       4
       3
       0
       1
       2
       0
       0
       5
       3
       1
       2
       0
       1
       1
       1
       0
       1
       1
       0
       2
       3
       2
       0
       1
       2
       0
       1
       1
       1
       2
       1
       0
       0
       0
       1
       2
       3
       2
       1
       0
       0
       4
       1
       3
       1
       4
       1
       3
       0
       3
       2
       2
       1
       3
       2
       2
       2
       2
       0
       2
       0
       0
       1
       3
       3
       0
       1
       0
       0
       1
       2
       0
       1
       1
       1
       1
       3
       0
       0
       4
       0
       0
       0
       1
       0
       2
       1
       0
       1
       1
       1
       0
       3
       2
       1
       2
       1
       1
       1
       1
       0
       1
       0
       0
       0
       0
       1
       4
       0
       0
       0
       3
       0
       2
       1
       1
       3
       1
       2
       0
       4
       2
       1
       0
       1
       2
       1
       1
       4
       2
       1
       0
       1
       1
       0
       1
       0
       0
       1
       0
       1
       0
       1
       0
       2
       2
       2
       0
       4
       0
       1
       1
       0
       0
       0
       0
       0
       2
       2
       0
       0
       1
       3
       1
       2
       1
       1
       1
       1
       2
       0
       0
       0
       0
       1
       0
       2
       4
       0
       2
       1
       2
       1
       1
       1
       1
       1
       0
       0
       2
       0
       0
       0
       0
       1
       0
       0
       2
       0
       1
       0
       0
       0
       0
       0
       2
       1
       0
       0
       1
       1
       0
       0
       1
       2
       0
       0
       0
       0
       1
       0
       1
       1
       0
       1
       1
       0
       1
       2
       0
       1
       0
       1
       1
       0
       2
       0
       0
       1
       0
       0
       1
       3
       0
       1
       0
       0
       1
       0
       0
       0
       0
       0
       1
       0
       0
       0
       0
       1
       0
       1
       0
       0
       1
       1
       0
       2
       0
       0
       1
       1
       0
       0
       1
       0
       0
       1
       1
       0
       0
       0
       0
       1
       0
       1
       0
       1
       1
       1
       3
       0
       0
       0
       0
       0
       1
       0
       1
       1
       0
       1
       0
       1
       0
       0
       2
       2
       2
       0
       0
       0
       1
       0
       0
       0
       0
       0
       0
       0
       1
       0
       0
       2
       0
       0
       0
       0
       1
       0
       0
       1
       1
       3
       0
       1
       1
       1
       1
       1
       2
       0
       1
       1
       0
       1
       1
       0
       1
       0
       3
       0
       1
       2
       1
       0
       1
       0
       1
       0
       1
       1
       1
       0
       0
       0
       1
       2
       1
       0
       0
       1
       2
       1
       1
       2
       0
       2
       0
       0
       1
       2
       1
       1
       0
       1
       3
       2
       0
       0
       0
       0
       0
       0
       0
       0
       2
       0
       2
       0
       1
       0
       2
       1
       0
       0
       1
       1
       1
       3
       0
       0
       2
       1
       0
       0
       2
       1
       0
       1
       0
       2
       1
       0
       0
       0
       1
       1
       0
       1
       0
       0
       0
       1
       1
       1
       0
       3
       0
       1
       0
       0
       5
       0
       1
       1
       0
       1
       0
       0
       1
       1
       1
       0
       1
       1
       0
       1
       1
       1
       1
       0
       0
       0
       0
       1
       1
       0
       1
       0
       0
       1
       1
       2
       0
       0
       2
       1
       1
       0
       0
       0
       0
       0
       0
       1
       0
       0
       1
       0
       0
       1
       0
       0
       1
       1
       1
       0
       0
       0
       0
       0
       0
       0
       2
       0
       0
       0
       1
       1
       0
       0
       0
       0
       0
       0
       0
       0
       0
       0
       0
       0
       0
       0
       0
       0
       1
       0
       0
       0
       0
       0
       0
       0
       0
       0
       0
       0
       0
       0
       0
       0
       0
       0
       0
       0
       1
       0
       0
       1
       0
       1
       0
       0
       0
       1
       0
       0
       0
       0
       0
       1
       0
       0
       0
       0
       1
       0
       0
       0
       0
       0
       0
       0
       0
       0
       0
       0
       0
       0
       0
       0
       1
       0
       1
       0
       0
       0
       0
       0
       0
       0
       1
       0
       0
       0
       0
       0
       1
       0
       1
       0
       0
       1
       0
       0
       0
       0
       1
       1
       0
       0
       1
       0
       0
       2
       2
       0
       2
       1
       2
       0
       2
       3
       1
       0
       2
       1
       0
       0
       0
       1
       1
       0
       0
       2
       0
       2
       2
       1
       4
       1
       0
       0
       1
       2
       2
       2
       1
       1
       1
       2
       1
       1
       1
       1
       0
       0
       0
       1
       0
       1
       0
       0
       1
       1
       1
       1
       0
       1
       1
       1
       0
       0
       1
       0
       1
       0
       1
       0
       0
       0
       0
       0
       0
       0
       1
       0
       0
       1
       1
       0
       0
       0
       0
       0
       0
       0
       0
       0
       0
       0
       0
       0
       0
       0
       0
       0
       0
       0
       0
       0
       0
       0
       0
       0
       0
       0
       0
       0
       0
       0
       0
       0
       0
       0
       0
       0
       0
       0
       0
       0
       0
       0
       0
       0
       0
       0
       0
       0
       0
       0
       0
       0
       0
       0
       0
       0
       0
       0
       0
       0
       0
       0
       0
       0
       0
       0
       0
       0
       0
       0
       0
       0
       0
       0
       0
       0
       1
       0
       0
       0
       1
       0
       0
       0
       0
       0
       0
       0
       0
       0
       0
       0
       0
       0
       0
       0
       0
       0
       0
       0
       0
       0
       0
       0
       0
       0
       1
       0
       0
       0
       0
       0
       0
       0
       0
       0
       0
       1
       0
       0
       0
       0
       1
       0
       0
       0
       0
       0
       0
       0
       0
       1
       0
       0
       0
       0
       0
       0
       0
       0
       0
       0
       0
       0
       0
       0
       0
       0
       1
       0
       0
       0
       0
       0
       0
       0
       0
       0
       0
       0
       0
       0
       0
       0
       0
       0
       0
       0
       0
       1
       0
       0
       0
       0
       1
       0
       0
       0
       0
       0
       0
       0
       1
       0
       0
       0
       0
       0
       0
       0
       0
       0
       0
       0
       0
       0
       0
       0
       0
       0
       0
       0
       0
       0
       0
       0
       0
       0
       0
       0
       0
       0
       0
       0
       0
       0
       0
       0
       0
       0
       0
       0
       0
       0
       0
       0
       0
       0
       0
       0
       0
       0
       0
       0
       0
       0
       0
       0
       0
       0
       0
       0
       0
       0
       0
       0
       0
       0
       0
       0
       0
       0
       0
       0
       0
       0
       0
       0
       0
       0
       0
       0
       0
       1
       0
       0
       0
       0
       0
       0
       0
       0
       0
       0
       0
       0
       0
       0
       0
       0
       0
       0
       0
       0
       0
       0
       0
       0
       0
       0
       0
       0
       0
       0
       0
       0
       0
       0
       0
       0
       1
       0
       0
       0
       0
       0
       0
       0
       0
       0
       0
       0
       0
       0
       0
       0
       0
       0
       0
       0
       0
       0
       0
       0
       0
       0
       0
       0
       0
       0
       0
       0
       0
       0
       0
       0
       0
       0
       0
       0
       0
       0
       0
       0
       0
       0
       0
       0
       1
       0
       0
       0
       1
       0
       0
       1
       0
       0
       0
       0
       0
       0
       0
       0
       0
       0
       0
       0
       0
       0
       0
       0
       0
       0
       0
       0
       0
       0
       0
       0
       0
       0
       0
       0
       0
       0
       0
       0
       0
       0
       0
       0
       0
       0
       0
       0
       0
       0
       0
       0
       0
       0
       0
       0
       0
       0
       0
       0
       0
       0
       0
       0
       0
       0
       0
       0
       0
       0
       0
       0
       0
       0
       0
       0
       0
       0
       0
       0
       0
       0
       0
       0
       0
       0
       0
       0
       0
       0
       0
       0
       0
       0
       0
       0
       0
       0
       0
       0
       0
       0
       0
       0
       0
       0
       0
       0
       0
       0
       0
       0
       0
       0
       0
       0
       0
       0
$ROI:
1
1650 1686
$PRESETS:
None
0
0
$ENER_FIT:
0.000000 0.001699
$MCA_CAL:
3
0.000000E+000 1.699467E-003 0.000000E+000 keV
$SHAPE_CAL:
3
0.000000E+000 0.000000E+000 0.000000E+000
