$SPEC_ID:
No sample description was entered.
$SPEC_REM:
DET# 1
DETDESC# Germanium; 11080668
AP# Maestro Version 6.08
$DATE_MEA:
09/28/2018 14:39:39
$MEAS_TIM:
200 200
$DATA:
0 2047
       0
       0
       0
       0
       0
       0
       0
       0
       0
       0
       0
       0
       0
       0
       0
       0
       0
       0
       0
       0
       0
       0
       0
       0
       0
       0
       0
       0
       0
       0
       0
       0
       0
       0
       0
       0
       0
       0
       0
       0
       0
       0
       0
       0
       0
       0
       0
       0
       0
       0
       0
       0
       0
       0
       0
       1
      12
     183
     216
     205
     185
     153
     139
     136
     165
     139
     145
     137
     136
     145
     167
     163
     161
     120
     146
     143
     140
     172
     139
     144
     143
     159
     151
     154
     126
     157
     139
     146
     130
     152
     158
     138
     147
     132
     150
     135
     141
     123
     129
     143
     139
     126
     142
     118
     158
     145
     130
     132
     149
     141
     133
     135
     134
     117
     128
     122
     134
     113
     128
     121
     147
     122
     124
     133
     129
     117
     113
     122
     152
     134
     137
     141
     154
     142
     125
     160
     108
     138
     143
     125
     135
     142
     167
     143
     147
     137
     138
     137
     130
     137
     146
     124
     139
     151
     136
     143
     132
     131
     126
     147
     111
     123
     151
     147
     139
     110
     136
     140
     131
     127
     119
     125
     124
     130
     105
     135
     127
     145
     140
     158
     136
     139
     128
     120
     113
     121
     122
     121
     116
     133
     113
     141
     130
     128
     134
     129
     102
     147
     119
     108
     101
     114
     143
     121
     104
     113
     105
     108
     127
     130
     120
      91
     123
     116
     132
     111
     113
     117
     107
     130
     124
     121
      90
     118
     115
     112
     108
     127
     110
     104
      96
     109
     102
     107
     111
     123
     120
     105
     113
     106
     104
     106
     104
     116
     109
      99
     119
     106
      93
      95
      93
      91
     106
      95
     122
     113
      90
     114
     102
     108
     110
      90
     103
      98
      90
      91
     109
     111
      95
     114
     107
     108
     117
     126
      87
     102
     105
      86
     104
     100
      99
     121
     124
     117
      95
      79
     100
     103
     103
     107
     101
     118
      98
     109
     117
     106
     111
      87
     113
     106
     114
     103
     103
      92
     108
     135
     104
     105
      90
     105
     109
     123
     111
     105
      96
     105
      89
     112
     111
      91
      94
     118
      95
     117
      98
     101
      94
      90
     103
      94
      89
     100
      85
      97
     113
      85
      99
      86
      89
      97
      99
      98
      86
      89
     117
      99
      97
      97
     102
      88
     107
     104
      88
     100
      97
      97
      96
     101
      93
      95
      96
      98
      98
     108
      88
     100
      83
      91
     102
      98
      96
      91
      84
      98
      97
      95
      92
      81
      91
     102
     101
      76
     108
     104
      65
      82
     111
     111
      90
      93
      79
      92
      77
      87
      98
      90
     100
     106
     117
      89
      96
      86
      83
     102
      93
      96
      98
      90
     116
     103
      98
      82
      99
      77
      92
      96
     104
      94
      86
      94
     105
     100
      91
      93
     108
      85
      91
      92
      89
      90
      98
      86
      86
      91
     100
      88
      92
      92
      99
     106
      75
      97
      97
      83
      96
      88
     104
      94
      90
      90
      87
      93
      75
      84
      93
      99
      78
     113
      92
      97
      92
      91
      87
      79
      91
      94
      92
      97
      85
      91
      79
     109
      90
      91
      96
      96
      91
      90
      99
      93
      95
     109
      94
     104
     116
      81
     121
      91
      91
      94
     102
     101
     100
     111
     111
      91
     100
     110
      91
     112
     108
     101
     100
      99
      95
     113
     115
     103
     108
     101
      95
     107
     100
     114
      88
      97
     123
     109
      90
     102
      95
     112
     117
     107
     109
     104
     106
     105
     111
     124
     115
     110
      90
     121
     114
     103
      94
      91
     112
      82
      96
      90
     119
     120
     104
     117
      70
      83
      98
     103
      94
      85
      85
      76
      92
      86
      92
      87
      77
     102
      71
      74
      69
      65
      90
      69
      77
      84
      77
      77
      77
      94
      76
      84
      69
      63
      71
      69
      69
      73
      69
      68
      68
      72
      69
      58
      74
      68
      65
      78
      64
      61
      64
      70
      65
      61
      71
      55
      72
      56
      60
      47
      58
      50
      57
      62
      82
      63
      55
      61
      56
      60
      58
      52
      61
      64
      62
      51
      57
      75
      65
      59
      54
      59
      59
      73
      53
      53
      58
      51
      59
      55
      66
      56
      58
      53
      48
      45
      46
      51
      45
      49
      39
      36
      36
      53
      50
      48
      58
      38
      51
      48
      47
      41
      38
      45
      67
      56
      60
      66
      78
      72
      73
      91
      95
      88
      83
     119
     125
     143
     158
     136
     187
     169
     187
     170
     208
     214
     210
     233
     248
     232
     239
     243
     237
     243
     247
     261
     262
     229
     238
     252
     226
     245
     240
     233
     236
     199
     194
     206
     168
     177
     153
     135
     126
     116
     108
     115
      93
      95
     106
      83
      77
      77
      65
      67
      60
      48
      41
      33
      38
      31
      26
      28
      29
      23
      19
      17
      15
      15
      17
      14
      12
      14
      16
      15
      21
      19
      11
      14
      19
      20
      20
      22
      24
      28
      20
      25
      28
      35
      35
      42
      48
      48
      69
      74
      83
      65
      89
     106
     113
     104
     115
     129
     143
     141
     129
     136
     164
     149
     179
     198
     212
     169
     178
     167
     205
     181
     220
     188
     223
     171
     181
     191
     181
     193
     179
     167
     146
     171
     157
     163
     132
     134
     118
     114
     106
     107
     101
      82
      85
      71
      81
      68
      66
      75
      57
      35
      46
      30
      43
      32
      25
      25
      19
      24
      15
      16
       9
       8
      12
      12
       5
      15
       6
      10
       4
       4
       4
       2
       6
       3
       6
       3
       5
       5
       3
       3
       2
       5
       1
       1
       2
       2
       5
       2
       2
       2
       3
       1
       4
       1
       4
       4
       6
       1
       6
       0
       2
       4
       5
       3
       1
       4
       0
       2
       4
       1
       8
       5
       2
       6
       2
       0
       2
       1
       4
       2
       4
       1
       3
       0
       3
       0
       0
       2
       2
       0
       4
       0
       1
       3
       1
       1
       1
       2
       2
       3
       0
       2
       2
       2
       3
       1
       1
       0
       1
       0
       1
       1
       3
       1
       4
       1
       1
       1
       2
       2
       3
       3
       1
       1
       0
       0
       1
       1
       1
       1
       3
       1
       2
       1
       0
       2
       1
       1
       2
       0
       3
       2
       2
       1
       3
       3
       2
       0
       2
       4
       3
       0
       0
       2
       0
       1
       1
       3
       0
       2
       1
       0
       3
       3
       2
       2
       0
       0
       1
       2
       1
       2
       2
       0
       1
       2
       0
       4
       0
       0
       1
       1
       0
       0
       0
       1
       3
       1
       0
       2
       1
       1
       1
       2
       1
       0
       0
       1
       3
       1
       1
       2
       1
       0
       1
       0
       0
       2
       0
       1
       2
       1
       0
       2
       1
       0
       2
       1
       1
       1
       4
       1
       0
       0
       1
       3
       0
       1
       2
       1
       3
       0
       0
       1
       0
       3
       1
       2
       0
       0
       0
       0
       2
       0
       0
       1
       1
       2
       0
       2
       1
       1
       1
       1
       0
       1
       1
       0
       0
       1
       1
       2
       1
       1
       0
       0
       1
       0
       2
       0
       1
       2
       0
       0
       2
       4
       1
       0
       1
       2
       0
       2
       2
       1
       0
       3
       0
       0
       0
       2
       0
       2
       0
       1
       1
       2
       0
       4
       2
       2
       0
       0
       1
       3
       1
       1
       4
       1
       0
       3
       2
       1
       0
       1
       3
       0
       0
       0
       0
       1
       0
       1
       0
       1
       0
       0
       1
       2
       0
       1
       0
       0
       2
       0
       2
       2
       0
       1
       1
       1
       0
       1
       0
       2
       2
       0
       0
       0
       1
       0
       5
       1
       0
       1
       1
       1
       0
       1
       1
       1
       0
       2
       0
       0
       1
       1
       1
       1
       1
       1
       3
       0
       1
       0
       1
       2
       0
       0
       1
       4
       1
       0
       0
       0
       1
       0
       0
       0
       1
       0
       0
       0
       1
       0
       0
       0
       0
       0
       1
       0
       1
       0
       1
       1
       1
       0
       0
       1
       1
       1
       0
       1
       1
       1
       2
       0
       0
       1
       0
       0
       1
       1
       1
       1
       0
       0
       0
       0
       1
       0
       0
       0
       1
       0
       2
       0
       0
       0
       1
       2
       0
       0
       0
       1
       0
       1
       0
       1
       0
       1
       1
       0
       0
       0
       1
       1
       0
       1
       0
       0
       0
       0
       0
       1
       1
       0
       1
       2
       0
       2
       0
       1
       0
       0
       1
       0
       1
       0
       0
       0
       0
       1
       1
       0
       0
       0
       2
       2
       0
       0
       0
       2
       0
       1
       1
       0
       0
       0
       3
       1
       0
       0
       1
       0
       0
       0
       0
       0
       1
       0
       0
       0
       1
       1
       0
       0
       1
       1
       0
       1
       0
       1
       0
       2
       0
       0
       2
       0
       0
       1
       1
       0
       1
       2
       0
       2
       0
       1
       2
       2
       0
       1
       0
       2
       0
       0
       0
       0
       0
       1
       1
       1
       0
       0
       0
       0
       0
       1
       1
       0
       0
       0
       1
       1
       2
       0
       0
       0
       0
       0
       0
       0
       0
       0
       0
       0
       0
       0
       0
       1
       1
       0
       1
       1
       0
       0
       0
       0
       0
       0
       0
       0
       0
       0
       0
       1
       0
       0
       0
       0
       0
       0
       0
       0
       0
       0
       0
       0
       1
       0
       0
       0
       1
       0
       0
       0
       0
       0
       0
       0
       1
       1
       0
       0
       0
       0
       0
       0
       0
       1
       0
       0
       0
       0
       0
       0
       3
       1
       2
       1
       0
       0
       0
       0
       0
       0
       0
       1
       0
       0
       1
       1
       1
       0
       0
       0
       1
       2
       0
       1
       0
       0
       0
       0
       0
       2
       1
       0
       0
       2
       0
       0
       0
       0
       0
       1
       0
       1
       1
       0
       2
       0
       0
       1
       1
       0
       1
       1
       0
       1
       1
       0
       0
       0
       0
       0
       0
       2
       1
       1
       1
       0
       2
       1
       1
       1
       0
       1
       0
       0
       0
       1
       0
       0
       0
       0
       0
       0
       0
       2
       0
       0
       0
       0
       1
       1
       0
       0
       0
       1
       0
       0
       0
       1
       0
       0
       0
       0
       0
       1
       0
       0
       0
       0
       0
       0
       0
       0
       0
       0
       0
       0
       1
       0
       0
       0
       0
       0
       0
       0
       0
       0
       0
       0
       0
       0
       0
       0
       0
       0
       0
       0
       0
       0
       0
       0
       0
       0
       0
       0
       1
       0
       0
       0
       0
       0
       0
       0
       0
       0
       0
       0
       0
       0
       0
       0
       0
       0
       0
       0
       0
       0
       0
       0
       0
       0
       0
       0
       0
       0
       0
       0
       0
       0
       0
       0
       0
       0
       0
       0
       0
       0
       0
       0
       0
       0
       0
       0
       0
       0
       0
       0
       0
       0
       0
       0
       0
       0
       0
       0
       1
       0
       0
       0
       0
       0
       0
       0
       0
       0
       0
       0
       0
       0
       0
       0
       0
       0
       0
       0
       0
       0
       0
       0
       0
       0
       0
       0
       0
       0
       0
       0
       0
       0
       0
       0
       0
       0
       0
       0
       0
       0
       0
       0
       0
       0
       0
       0
       0
       0
       0
       0
       0
       1
       0
       0
       0
       0
       0
       0
       0
       0
       0
       0
       0
       0
       0
       0
       0
       0
       0
       0
       1
       0
       0
       0
       0
       0
       0
       0
       0
       0
       0
       0
       0
       0
       0
       0
       0
       0
       0
       0
       0
       0
       0
       0
       0
       0
       0
       0
       0
       0
       0
       0
       0
       0
       0
       0
       0
       0
       0
       0
       0
       0
       0
       0
       0
       0
       0
       0
       0
       0
       0
       0
       0
       0
       0
       0
       0
       0
       0
       0
       0
       0
       1
       0
       0
       0
       0
       0
       0
       0
       0
       0
       0
       0
       0
       0
       0
       0
       0
       0
       0
       0
       0
       0
       0
       0
       0
       0
       0
       0
       0
       0
       0
       0
       0
       0
       0
       0
       0
       0
       0
       0
       0
       0
       0
       0
       0
       0
       0
       0
       0
       0
       0
       0
       0
       0
       0
       0
       0
       0
       0
       0
       0
       0
       0
       0
       0
       0
       0
       0
       0
       0
       0
       0
       0
       0
       0
       0
       0
       0
       0
       0
       0
       0
       0
       0
       0
       0
       0
       0
       0
       0
       0
       0
       0
       0
       0
       0
       0
       0
       0
       0
       0
       0
       0
       0
       0
       0
       0
       0
       0
       0
       0
       0
       0
       0
       0
       0
       0
       0
       0
       0
       0
       0
       0
       0
       0
       0
       0
       0
       0
       0
       0
       0
       0
       0
       0
       0
       0
       0
       0
       0
       0
       0
       0
       0
       0
       0
       0
       0
       0
       0
       0
       0
       0
       0
       0
       0
       0
       0
       0
       0
       0
       0
       0
       0
       0
       0
       0
       0
       0
       0
       0
       0
       0
       0
       0
       0
       0
       0
       0
       0
       0
       0
       0
       0
       0
       0
       0
       0
       0
       0
       0
       0
       0
       0
       0
       0
       0
       0
       0
       0
       0
       0
       0
       0
       0
       0
       0
       0
       0
       0
       0
       0
       0
       0
       0
       0
       0
       0
       0
       0
       0
       0
       0
       0
       0
       0
       0
       0
       0
       0
       0
       0
       0
       0
       0
       0
       0
       0
       0
       0
       0
       0
       0
       0
       0
       0
       0
       0
       0
       0
       0
       0
       0
       0
       0
       0
       0
       0
       0
       0
       0
       0
       0
       0
       0
       0
       0
       0
       0
       0
       0
       0
       0
       0
       0
       0
$ROI:
1
1650 1686
$PRESETS:
None
0
0
$ENER_FIT:
0.000000 0.001699
$MCA_CAL:
3
0.000000E+000 1.699467E-003 0.000000E+000 keV
$SHAPE_CAL:
3
0.000000E+000 0.000000E+000 0.000000E+000
