$SPEC_ID:
No sample description was entered.
$SPEC_REM:
DET# 1
DETDESC# Germanium; 11080668
AP# Maestro Version 6.08
$DATE_MEA:
09/28/2018 14:01:37
$MEAS_TIM:
306 306
$DATA:
0 2047
       0
       0
       0
       0
       0
       0
       0
       0
       0
       0
       0
       0
       0
       0
       0
       0
       0
       0
       0
       0
       0
       0
       0
       0
       0
       0
       0
       0
       0
       0
       0
       0
       0
       0
       0
       0
       0
       0
       0
       0
       0
       0
       0
       0
       0
       0
       0
       0
       0
       0
       0
       0
       0
       0
       0
       0
       4
     131
     148
     158
     159
     130
     112
     101
     127
     126
     117
     143
     134
     113
     139
     116
     117
     131
     105
     137
     119
     119
     115
     127
     109
     109
     124
     104
     116
     114
     111
     120
     107
     137
     109
     110
      84
      94
     100
     103
     102
      93
     108
     102
      98
      86
      99
     106
      87
      94
     100
     116
     101
     105
     112
      90
      82
      86
      91
      97
      96
      82
      94
      99
      93
      84
      94
      89
      91
     100
      97
      85
     108
      77
      78
      70
      92
      72
      91
      81
      68
      90
      89
      99
      90
      77
      85
      87
      93
      98
      77
      84
      93
     103
      72
      75
      56
      65
      86
      84
      95
      67
      82
      79
      77
      75
      67
      86
      98
      78
      71
      73
      66
      84
      81
      65
      76
      90
      76
      86
      64
      63
      73
      71
      60
      90
      50
      67
      74
      58
      58
      60
      54
      77
      54
      71
      68
      60
      64
      60
      68
      57
      67
      62
      64
      75
      55
      70
      60
      66
      54
      59
      64
      63
      59
      60
      58
      56
      59
      67
      57
      52
      62
      53
      40
      57
      60
      57
      59
      55
      49
      58
      55
      58
      54
      52
      46
      61
      58
      61
      78
      62
      54
      77
      70
      59
      58
      57
      62
      55
      63
      49
      47
      54
      66
      65
      52
      52
      70
      73
      55
      60
      77
      55
      53
      53
      72
      61
      53
      53
      68
      56
      55
      57
      46
      49
      51
      48
      49
      49
      57
      48
      35
      48
      29
      34
      43
      27
      31
      43
      37
      31
      36
      22
      23
      40
      25
      30
      22
      24
      20
      16
      28
      31
      27
      26
      20
      19
      23
      26
      35
      20
      23
      14
      20
      25
      23
      17
      25
      21
      20
      31
      21
      15
      28
      17
      22
      19
      15
      19
      26
      17
      19
      16
      26
      25
      16
      22
      22
      12
      12
      22
      17
      18
      14
      27
      23
      16
      18
      17
      14
      21
      20
      12
      14
      22
      23
      18
      23
      26
      23
      27
      18
      27
      26
      28
      20
      23
      31
      35
      25
      36
      40
      45
      56
      53
      58
      60
      66
      83
      87
     100
     126
     138
     171
     178
     192
     243
     231
     269
     306
     311
     309
     357
     373
     394
     372
     397
     419
     402
     443
     446
     486
     429
     450
     397
     383
     364
     356
     322
     309
     288
     275
     233
     193
     199
     173
     159
     139
     117
      98
      82
      71
      56
      54
      42
      31
      34
      24
      18
      14
       6
      13
      11
       4
       4
       6
       6
       3
       5
       5
       6
       3
       7
       4
       2
       2
       3
       2
       2
       4
       6
       9
       8
       3
       3
       6
       1
       6
       2
       3
       3
       4
       2
       4
       5
       3
       3
       3
       4
       6
       4
       5
       3
       3
       2
       5
      10
       2
       3
       2
       4
       6
       0
       3
       1
       2
       6
       4
       2
       4
       6
       2
       2
       2
       3
       3
       3
       3
       5
       1
       1
       6
       5
       2
       2
       1
       7
       5
      10
       3
       3
       4
       3
       4
       7
       5
       2
       2
       3
       2
       3
       2
       2
       2
       4
       6
       5
       5
       2
       3
       3
       5
       7
       4
       5
       5
       4
       3
       6
       8
       3
       6
       4
       1
       4
       3
       2
       5
       3
       2
       5
       3
       6
       2
       4
       3
       3
      10
       4
       4
       1
       3
       6
       2
       3
       4
       3
       2
       1
       6
       3
       7
       3
       5
       9
       0
       8
       3
       3
       2
       4
       5
       1
       3
       2
       4
       8
       1
       2
       1
       7
       4
       2
       4
       2
       1
       3
       2
       2
       3
       2
       6
       2
       5
       3
       1
       0
       4
       0
       1
       5
       2
       2
       8
       5
       3
       3
       0
       3
       1
       5
       2
       3
       0
       3
       2
       3
       2
       3
       2
       2
       4
       3
       3
       2
       6
       1
       2
       1
       2
       2
       4
       2
       4
       4
       3
       4
       4
       1
       0
       4
       2
       0
       2
       5
       5
       1
       0
       4
       3
       5
       3
       1
       4
       2
       4
       3
       3
       3
       2
       2
       3
       3
       4
       4
       4
       4
       3
       5
       4
       2
       1
       4
       3
       2
       6
       1
       2
       3
       3
       2
       0
       5
       1
       7
       3
       4
       2
       2
       8
       3
       2
       1
       0
       3
       2
       4
       1
       2
       4
       0
       4
       3
       2
       3
       0
       1
       3
       0
       1
       0
       2
       3
       2
       3
       3
       1
       2
       0
       0
       2
       3
       1
       3
       1
       4
       2
       1
       2
       3
       3
       1
       1
       2
       3
       1
       2
       1
       1
       1
       1
       6
       1
       2
       3
       1
       3
       0
       3
       1
       2
       1
       2
       1
       0
       1
       0
       2
       0
       2
       1
       1
       1
       2
       2
       1
       0
       3
       3
       2
       0
       2
       0
       1
       2
       0
       5
       3
       2
       2
       6
       1
       0
       1
       0
       2
       2
       2
       0
       2
       2
       4
       2
       3
       2
       0
       1
       1
       3
       0
       1
       2
       0
       1
       1
       3
       3
       1
       0
       0
       0
       0
       2
       1
       0
       1
       1
       0
       2
       1
       2
       1
       0
       2
       1
       1
       3
       2
       1
       4
       2
       0
       1
       3
       5
       2
       2
       3
       5
       7
       3
       4
       4
       2
       5
       3
       4
       2
       3
       2
       3
       2
       5
       1
       2
       3
       5
       4
       1
       4
       3
       1
       1
       1
       1
      10
       3
       2
       4
       1
       2
       1
       5
       2
       4
       2
       4
       2
       0
       0
       1
       1
       0
       2
       2
       3
       1
       3
       1
       0
       1
       1
       2
       2
       1
       1
       0
       1
       0
       3
       0
       1
       0
       0
       1
       1
       1
       1
       0
       2
       0
       3
       0
       0
       0
       0
       1
       0
       1
       0
       1
       0
       1
       1
       0
       0
       1
       0
       0
       0
       0
       1
       1
       0
       1
       0
       0
       0
       0
       0
       0
       1
       0
       0
       0
       1
       0
       0
       2
       0
       0
       2
       0
       0
       0
       0
       0
       0
       0
       0
       0
       0
       0
       0
       0
       1
       0
       1
       1
       0
       0
       2
       1
       2
       0
       0
       0
       0
       2
       0
       0
       2
       0
       1
       1
       1
       0
       1
       0
       2
       0
       0
       2
       0
       0
       0
       1
       0
       0
       1
       1
       0
       0
       2
       0
       1
       2
       0
       0
       1
       0
       1
       0
       0
       2
       1
       0
       0
       0
       0
       0
       0
       0
       0
       1
       0
       1
       0
       0
       0
       0
       0
       0
       2
       1
       2
       1
       0
       2
       1
       0
       0
       0
       1
       0
       0
       0
       0
       0
       0
       0
       0
       0
       0
       0
       0
       1
       1
       3
       0
       1
       0
       1
       0
       2
       0
       0
       2
       0
       0
       0
       0
       0
       1
       0
       0
       1
       0
       0
       0
       0
       1
       0
       0
       0
       0
       1
       0
       1
       0
       0
       0
       0
       0
       0
       1
       1
       0
       0
       0
       0
       0
       1
       1
       0
       0
       0
       0
       0
       0
       0
       1
       1
       0
       0
       0
       0
       0
       0
       0
       0
       0
       1
       0
       0
       0
       0
       1
       0
       1
       0
       0
       0
       0
       0
       0
       2
       1
       0
       0
       0
       0
       0
       0
       1
       0
       0
       1
       0
       0
       0
       2
       1
       0
       0
       0
       0
       1
       0
       0
       0
       0
       1
       0
       2
       0
       0
       0
       1
       1
       1
       1
       0
       0
       1
       0
       0
       1
       0
       1
       0
       0
       0
       0
       1
       1
       0
       0
       0
       0
       0
       0
       1
       0
       1
       1
       0
       0
       0
       0
       0
       1
       2
       0
       1
       0
       0
       0
       0
       1
       0
       0
       0
       0
       0
       0
       0
       0
       0
       0
       0
       0
       0
       0
       0
       0
       2
       0
       1
       0
       1
       3
       3
       0
       1
       0
       0
       0
       0
       0
       0
       1
       0
       0
       1
       0
       1
       2
       0
       0
       0
       0
       0
       1
       2
       0
       1
       0
       0
       0
       0
       1
       1
       1
       2
       0
       0
       0
       1
       0
       0
       0
       0
       1
       0
       0
       0
       1
       0
       0
       0
       0
       0
       1
       1
       0
       0
       0
       0
       0
       1
       0
       0
       1
       0
       0
       0
       0
       0
       0
       0
       1
       0
       0
       0
       2
       0
       0
       0
       0
       0
       2
       0
       0
       2
       0
       0
       1
       0
       0
       0
       1
       0
       0
       0
       1
       1
       0
       0
       0
       0
       0
       1
       0
       1
       0
       1
       1
       0
       0
       1
       0
       0
       1
       0
       0
       0
       0
       0
       0
       0
       0
       0
       0
       0
       0
       0
       1
       0
       0
       0
       2
       0
       0
       0
       0
       0
       0
       0
       0
       0
       0
       1
       0
       0
       0
       0
       0
       0
       0
       0
       0
       0
       0
       0
       0
       0
       0
       0
       1
       0
       0
       0
       0
       0
       0
       0
       0
       1
       0
       0
       0
       0
       0
       0
       0
       0
       0
       0
       0
       0
       0
       0
       0
       0
       0
       0
       0
       1
       0
       0
       0
       0
       0
       0
       0
       0
       0
       0
       0
       0
       0
       0
       0
       0
       0
       0
       0
       1
       0
       0
       0
       0
       0
       0
       0
       0
       0
       0
       0
       0
       0
       0
       1
       0
       0
       0
       0
       0
       0
       0
       0
       0
       1
       0
       0
       0
       0
       0
       0
       2
       0
       0
       0
       0
       0
       0
       0
       0
       1
       0
       0
       0
       1
       0
       0
       0
       1
       0
       0
       0
       0
       0
       0
       0
       1
       0
       0
       0
       0
       1
       0
       2
       2
       1
       0
       3
       0
       1
       0
       0
       1
       1
       0
       1
       0
       0
       1
       1
       1
       0
       1
       0
       0
       1
       2
       0
       1
       0
       0
       0
       0
       0
       1
       0
       1
       0
       0
       0
       0
       0
       0
       0
       1
       0
       0
       0
       0
       0
       1
       0
       0
       0
       0
       0
       0
       0
       0
       0
       0
       0
       0
       0
       0
       0
       0
       0
       0
       0
       0
       0
       0
       0
       0
       0
       0
       0
       0
       0
       0
       0
       0
       0
       0
       0
       0
       0
       0
       0
       0
       0
       0
       0
       0
       0
       0
       0
       0
       0
       0
       0
       0
       0
       0
       0
       0
       0
       0
       0
       0
       0
       0
       0
       0
       0
       0
       0
       0
       0
       0
       0
       0
       0
       0
       0
       0
       0
       0
       0
       0
       0
       0
       0
       0
       0
       0
       0
       0
       0
       0
       1
       0
       0
       0
       0
       0
       0
       0
       0
       0
       0
       0
       0
       0
       0
       0
       0
       0
       0
       0
       0
       0
       0
       0
       0
       0
       0
       0
       0
       0
       0
       0
       0
       0
       0
       0
       0
       0
       0
       0
       0
       0
       0
       0
       0
       0
       0
       0
       0
       0
       0
       0
       0
       0
       0
       0
       0
       0
       0
       0
       0
       0
       0
       0
       0
       0
       0
       0
       0
       0
       0
       0
       0
       0
       0
       0
       0
       0
       0
       0
       0
       0
       0
       0
       0
       0
       0
       0
       0
       0
       0
       0
       0
       0
       0
       0
       0
       0
       0
       0
       0
       0
       0
       0
       0
       0
       0
       0
       0
       0
       0
       0
       0
       0
       0
       0
       0
       0
       0
       0
       0
       0
       0
       0
       0
       0
       0
       0
       0
       0
       0
       0
       0
       0
       0
       0
       0
       0
       1
       0
       0
       0
       0
       0
       0
       1
       0
       0
       0
       0
       0
       0
       0
       0
       0
       0
       0
       0
       0
       0
       0
       0
       0
       0
       0
       0
       0
       0
       0
       0
       0
       0
       0
       0
       0
       0
       0
       0
       0
       0
       0
       0
       0
       0
       0
       0
       0
       0
       0
       0
       0
       0
       0
       0
       0
       0
       0
       1
       0
       0
       0
       0
       0
       0
       0
       0
       0
       0
       0
       0
       0
       0
       0
       0
       0
       0
       0
       0
       1
       0
       0
       0
       0
       0
       0
       0
       0
       0
       0
       0
       0
       0
       0
       0
       0
       0
       0
       0
       0
       0
       0
       0
       0
       0
       0
       0
       0
       0
       0
       0
       0
       0
       0
       0
       0
       0
       0
       0
       0
       0
       0
       0
       0
       0
       0
       0
       0
       0
       0
       0
       0
       0
       0
       0
       0
       0
       1
       0
       0
       0
       0
       0
       0
       0
       0
       0
       0
       0
       0
       0
       0
       0
       0
       0
       0
       0
       0
       0
       0
       0
       0
       0
       0
       0
       0
       0
       0
       0
       0
       0
       0
       0
       0
       0
       1
       0
       0
       0
       0
       1
       0
       0
       0
       0
       0
       0
       0
       0
       0
       0
       0
       0
       0
       0
       0
       0
       0
       0
       0
       0
       0
       0
       0
       0
       0
       0
       0
       0
       0
       0
       0
       0
       0
       0
       0
       0
       0
       0
       0
       0
       0
       0
       0
       0
       0
       0
       0
       0
       0
       0
       0
       0
       0
       0
       0
       0
       0
       0
       0
       0
       0
       0
       0
       0
       0
       0
       0
       0
       0
       0
       0
       0
       0
       0
       0
       0
       0
       0
       0
       0
       0
$ROI:
1
1650 1686
$PRESETS:
None
0
0
$ENER_FIT:
0.000000 0.000000
$MCA_CAL:
3
0.000000E+000 0.000000E+000 0.000000E+000 
$SHAPE_CAL:
3
0.000000E+000 0.000000E+000 0.000000E+000
