$SPEC_ID:
No sample description was entered.
$SPEC_REM:
DET# 1
DETDESC# Germanium; 11080668
AP# Maestro Version 6.08
$DATE_MEA:
09/28/2018 14:54:09
$MEAS_TIM:
601 602
$DATA:
0 2047
       0
       0
       0
       0
       0
       0
       0
       0
       0
       0
       0
       0
       0
       0
       0
       0
       0
       0
       0
       0
       0
       0
       0
       0
       0
       0
       0
       0
       0
       0
       0
       0
       0
       0
       0
       0
       0
       0
       0
       0
       0
       0
       0
       0
       0
       0
       0
       0
       0
       1
       0
       0
       0
       0
       0
       0
      16
     849
    1703
    1185
     682
     444
     224
     149
     114
      94
      97
      88
      92
      94
      75
     101
      97
      87
     105
     104
     101
     102
     121
     135
     127
     155
     158
     161
     193
     203
     228
     247
     263
     278
     240
     239
     222
     200
     210
     197
     200
     159
     165
     135
     141
     101
     112
      93
     103
      93
      79
      77
      76
      57
      76
      75
      63
      76
      57
      60
      74
      79
      63
      66
      67
      64
      57
      64
      48
      50
      48
      44
      40
      39
      42
      44
      36
      45
      37
      59
      43
      36
      37
      40
      49
      48
      52
      44
      55
      59
      64
      47
      44
      37
      47
      44
      54
      41
      39
      32
      53
      39
      28
      33
      48
      58
      48
      51
      35
      52
      59
      46
      49
      51
      56
      50
      59
      66
      53
      74
      49
      60
      58
      66
      62
      68
      61
      51
      61
      58
      63
      76
      70
      76
      76
      68
      78
      79
      75
      94
      84
      91
     102
      78
      87
      89
      98
     104
      98
      83
     106
      87
     103
      83
      80
      79
      76
      83
      63
      77
      74
      78
      79
      83
      81
      75
      73
      66
      77
      75
      71
      77
      66
      63
      60
      70
      83
      77
      77
      78
      50
      66
      60
      77
      68
      66
      65
      49
      57
      62
      69
      56
      64
      58
      60
      83
      52
      63
      60
      52
      77
      62
      45
      53
      69
      61
      51
      58
      56
      72
      56
      54
      69
      54
      47
      60
      59
      80
      52
      65
      57
      58
      65
      49
      43
      67
      53
      56
      55
      66
      58
      62
      67
      52
      57
      63
      68
      50
      68
      59
      59
      51
      54
      56
      49
      44
      48
      61
      58
      62
      54
      59
      64
      52
      69
      54
      69
      56
      50
      59
      52
      43
      58
      48
      55
      57
      50
      55
      60
      56
      46
      69
      62
      49
      49
      55
      58
      60
      48
      54
      52
      55
      58
      56
      54
      54
      78
      49
      53
      60
      57
      40
      61
      61
      51
      37
      55
      57
      47
      54
      53
      48
      58
      54
      42
      61
      51
      54
      57
      52
      42
      47
      51
      52
      44
      59
      60
      54
      51
      37
      47
      48
      53
      66
      47
      47
      48
      47
      62
      50
      50
      54
      46
      43
      42
      36
      57
      51
      37
      48
      48
      46
      55
      58
      59
      55
      55
      63
      44
      51
      37
      44
      64
      27
      54
      52
      31
      46
      45
      39
      56
      45
      40
      41
      41
      31
      53
      51
      41
      49
      57
      43
      62
      52
      45
      53
      64
      44
      55
      38
      45
      39
      42
      43
      46
      49
      46
      45
      48
      42
      44
      41
      59
      39
      50
      44
      45
      49
      47
      35
      39
      39
      49
      41
      51
      45
      40
      41
      38
      44
      32
      33
      29
      43
      48
      49
      39
      43
      46
      32
      32
      34
      51
      35
      48
      51
      34
      37
      47
      50
      46
      49
      30
      42
      47
      37
      41
      48
      50
      45
      35
      42
      38
      39
      49
      47
      49
      51
      40
      39
      42
      46
      44
      40
      34
      40
      36
      39
      40
      33
      35
      32
      50
      40
      46
      43
      44
      39
      42
      43
      40
      47
      49
      40
      34
      45
      63
      43
      29
      35
      50
      43
      37
      38
      59
      39
      42
      42
      42
      31
      49
      46
      42
      42
      45
      37
      46
      41
      46
      45
      42
      50
      39
      42
      52
      44
      45
      42
      39
      39
      42
      36
      28
      18
      39
      33
      36
      42
      43
      50
      32
      43
      46
      46
      35
      51
      37
      38
      43
      32
      32
      47
      34
      40
      46
      38
      46
      46
      27
      40
      39
      39
      31
      36
      42
      37
      36
      36
      39
      35
      40
      41
      35
      49
      27
      46
      36
      57
      44
      45
      35
      34
      40
      39
      40
      39
      40
      40
      36
      25
      37
      33
      36
      29
      42
      43
      33
      35
      34
      39
      47
      37
      30
      32
      40
      42
      32
      35
      45
      29
      35
      37
      43
      25
      35
      45
      41
      27
      40
      27
      35
      30
      37
      38
      38
      37
      35
      48
      36
      45
      32
      35
      50
      32
      37
      36
      38
      38
      32
      34
      32
      41
      31
      38
      34
      36
      37
      36
      31
      36
      41
      30
      38
      35
      33
      39
      33
      43
      22
      36
      41
      36
      26
      40
      30
      39
      30
      41
      34
      38
      33
      36
      39
      38
      31
      30
      32
      24
      29
      33
      23
      38
      34
      34
      37
      36
      35
      34
      21
      32
      25
      41
      47
      38
      30
      40
      31
      32
      32
      23
      25
      40
      28
      30
      37
      39
      40
      23
      29
      28
      21
      31
      35
      31
      32
      32
      28
      32
      34
      34
      30
      30
      29
      28
      25
      33
      25
      29
      41
      31
      33
      30
      33
      27
      29
      17
      39
      34
      26
      29
      37
      28
      29
      34
      31
      26
      38
      29
      28
      32
      25
      25
      31
      29
      27
      28
      34
      26
      36
      37
      45
      22
      35
      37
      26
      21
      28
      25
      34
      21
      34
      34
      43
      29
      30
      37
      25
      31
      35
      30
      35
      28
      32
      22
      33
      26
      27
      32
      23
      29
      21
      24
      23
      28
      21
      21
      36
      36
      16
      30
      23
      27
      25
      25
      33
      36
      32
      37
      30
      24
      21
      26
      33
      29
      34
      34
      30
      27
      33
      32
      28
      35
      27
      27
      27
      35
      33
      23
      45
      24
      24
      32
      25
      28
      26
      28
      35
      25
      23
      21
      30
      20
      32
      30
      28
      32
      32
      22
      23
      35
      31
      32
      38
      32
      38
      22
      23
      26
      25
      21
      25
      28
      26
      24
      24
      23
      25
      36
      17
      26
      31
      26
      34
      25
      30
      21
      30
      16
      27
      33
      31
      28
      26
      26
      19
      29
      24
      22
      33
      26
      29
      26
      27
      28
      32
      25
      35
      29
      31
      37
      35
      29
      32
      34
      24
      25
      23
      26
      34
      19
      33
      28
      32
      19
      25
      25
      36
      26
      20
      29
      25
      34
      38
      16
      29
      27
      24
      28
      31
      33
      19
      24
      28
      34
      36
      30
      29
      26
      27
      26
      24
      34
      26
      24
      27
      26
      32
      24
      37
      27
      24
      22
      25
      24
      24
      30
      37
      20
      25
      29
      31
      26
      32
      25
      25
      21
      25
      28
      31
      35
      27
      26
      18
      31
      26
      31
      22
      29
      23
      26
      37
      40
      21
      25
      26
      33
      21
      33
      27
      27
      26
      32
      28
      25
      20
      26
      24
      29
      23
      32
      27
      25
      33
      19
      25
      40
      27
      24
      30
      23
      34
      36
      24
      22
      31
      18
      23
      25
      37
      23
      36
      27
      31
      43
      22
      28
      22
      33
      25
      23
      29
      26
      25
      19
      22
      34
      22
      24
      18
      28
      22
      25
      20
      22
      29
      25
      26
      22
      31
      15
      24
      22
      22
      20
      24
      25
      28
      25
      27
      20
      28
      34
      27
      21
      33
      36
      30
      29
      19
      39
      20
      22
      27
      21
      29
      27
      19
      27
      27
      25
      22
      25
      16
      19
      32
      18
      19
      20
      22
      20
      21
      23
      14
      24
      24
      30
      16
      17
      17
      17
      19
      20
      10
      18
      16
      26
      17
      16
      12
      21
      21
      12
      25
      16
      12
      15
      23
      11
      17
      17
      14
      21
      14
      20
       8
      24
      19
      16
      22
      20
      12
      16
      20
      19
       8
      16
      15
      18
      10
      10
       5
      13
       9
       8
      16
      14
      16
      15
      13
      13
      15
      14
      10
       9
      11
      11
      25
      10
       6
      11
      13
      12
       8
      16
      12
      11
      18
      15
      11
      20
       7
      12
      10
      14
      12
      14
       7
      10
      11
      11
       8
      13
       6
       9
       7
      16
       8
      14
      14
       6
      10
      17
       6
       9
      12
      13
      12
       8
       7
       5
      17
      11
       9
       9
      10
      10
      14
      10
       6
      10
      17
       6
       7
      14
       8
      10
       9
       9
      10
      12
       4
      10
      13
      10
       5
      11
      13
       9
      10
       7
      11
       6
       8
       6
       2
       8
       9
      20
      12
       6
       9
       8
      11
      12
      15
      11
      13
       6
       9
       7
      10
       8
       8
      10
      11
       9
      14
       7
      11
      10
       7
       9
       6
       7
       5
      10
       5
       7
      10
       7
      11
       9
      11
      13
       8
       8
      11
       4
       9
       7
      11
      10
      10
       6
      11
       9
      10
       7
       9
       9
      10
      11
       3
       9
      11
       7
       7
      10
       9
       6
       7
       6
      11
       9
       4
      10
      16
       6
       7
      11
      12
       6
       5
       7
       6
       4
       8
      12
       5
      13
       6
       6
       8
       8
      12
       5
       9
       6
       9
      12
       7
      11
       6
       6
       6
       6
      10
      14
       5
      10
      16
      10
      10
      15
       9
      12
       8
       6
      12
       5
       6
      11
       8
      12
       9
      14
       9
       6
       8
       9
       7
       9
       4
      12
       9
      10
       6
      10
       7
      13
       6
       8
      12
       8
      10
       7
      16
       9
      12
      11
       9
      10
      14
       7
       6
       9
      10
      12
      10
      10
       7
      11
       4
       5
       8
       4
       6
       9
      12
      15
      10
      12
      16
      16
      10
       4
      12
      15
       8
       9
      11
       7
       9
      13
      10
       8
      14
      12
      10
      12
      13
       9
      11
       6
       5
       8
       6
      14
      10
      12
       6
      11
      10
       6
       8
       4
       8
      13
      11
       5
      12
      16
      13
      19
       7
      11
      11
      10
      13
      13
       9
      13
      11
      16
      21
      14
      14
      25
      16
      10
      16
      16
      19
      15
      20
      15
      25
      21
      15
      17
      11
      21
      16
      26
      26
      26
      21
      31
      19
      31
      39
      19
      25
      29
      28
      32
      36
      34
      37
      30
      44
      42
      41
      45
      40
      54
      36
      51
      50
      52
      46
      66
      57
      68
      53
      61
      67
      61
      76
      69
      92
      61
      73
      71
      69
      72
      99
      95
      95
      95
     106
     101
      98
     112
      94
     110
     107
     119
     125
     118
     135
     133
     110
     121
     140
     131
     146
     134
     142
     156
     146
     154
     162
     140
     154
     167
     157
     158
     163
     151
     169
     186
     184
     196
     205
     197
     162
     184
     183
     204
     201
     199
     192
     181
     211
     195
     195
     206
     189
     210
     208
     197
     204
     207
     200
     204
     211
     220
     189
     221
     225
     212
     221
     200
     196
     195
     218
     235
     201
     194
     186
     196
     200
     198
     211
     211
     218
     167
     184
     160
     196
     194
     176
     182
     172
     197
     180
     165
     168
     150
     170
     171
     146
     153
     163
     163
     148
     118
     143
     151
     140
     110
     131
     132
     114
     114
     115
     117
     109
     104
     101
      98
      86
      98
      94
      98
      98
      75
      87
      87
      74
      82
      79
      75
      79
      73
      58
      58
      65
      74
      68
      63
      54
      59
      51
      37
      54
      44
      44
      41
      46
      47
      41
      34
      32
      33
      30
      35
      30
      27
      25
      36
      24
      16
      21
      23
      28
      22
      21
      21
      20
      16
      15
      14
      10
      11
      17
      13
      12
      11
      15
      11
       7
      12
      10
       9
      11
      10
      11
       5
       7
       6
       9
       9
       6
       5
       7
       7
      10
       5
       1
       6
       4
       2
       2
       4
       3
       4
       3
       4
       5
       5
       5
       4
       4
       4
       6
       0
       1
       3
       1
       5
       0
       2
       2
       3
       3
       4
       5
       2
       2
       1
       1
       3
       4
       3
       3
       1
       4
       1
       4
       0
       1
       0
       0
       2
       1
       1
       0
       1
       3
       2
       1
       4
       4
       2
       3
       0
       3
       4
       1
       0
       6
       1
       2
       3
       1
       2
       1
       1
       0
       0
       2
       4
       2
       2
       3
       6
       1
       2
       3
       1
       2
       3
       1
       2
       1
       2
       5
       2
       2
       1
       1
       2
       3
       1
       2
       1
       0
       1
       1
       3
       0
       4
       4
       0
       1
       1
       6
       2
       2
       3
       4
       1
       2
       2
       1
       2
       1
       4
       4
       0
       2
       3
       4
       1
       1
       3
       3
       4
       3
       1
       4
       0
       4
       0
       0
       1
       1
       3
       2
       0
       0
       2
       2
       4
       2
       4
       2
       3
       4
       2
       3
       2
       4
       0
       3
       2
       4
       3
       1
       4
       1
       1
       3
       4
       4
       1
       0
       0
       7
       1
       0
       1
       3
       1
       0
       2
       2
       1
       4
       4
       2
       2
       2
       0
       0
       2
       0
       2
       2
       3
       4
       1
       2
       4
       3
       2
       0
       2
       3
       2
       1
       1
       2
       5
       1
       2
       1
       3
       2
       1
       1
       4
       1
       0
       0
       2
       1
       2
       4
       2
       4
       0
       1
       0
       2
       2
       5
       1
       0
       1
       1
       1
       2
       2
       4
       1
       0
       4
       2
       1
       2
       0
       2
       1
       1
       1
       1
       0
       2
       0
       0
       0
       0
       0
       0
       0
       0
       0
       0
       0
       0
       0
       0
       0
       0
       0
       0
       0
       0
       0
       0
       0
       0
       0
       0
       0
       0
       0
       0
       0
       0
       0
       0
       0
       0
       0
       0
       0
       0
       0
       0
       0
       0
       0
       0
       0
       0
       0
       0
       0
$ROI:
1
1526 1709
$PRESETS:
None
0
0
$ENER_FIT:
0.000000 0.001699
$MCA_CAL:
3
0.000000E+000 1.699467E-003 0.000000E+000 keV
$SHAPE_CAL:
3
0.000000E+000 0.000000E+000 0.000000E+000
