$SPEC_ID:
No sample description was entered.
$SPEC_REM:
DET# 1
DETDESC# Germanium; 11080668
AP# Maestro Version 6.08
$DATE_MEA:
09/28/2018 13:51:22
$MEAS_TIM:
642 643
$DATA:
0 2047
       0
       0
       0
       0
       0
       0
       0
       0
       0
       0
       0
       0
       0
       0
       0
       0
       0
       0
       0
       0
       0
       0
       0
       0
       0
       0
       0
       0
       0
       0
       0
       0
       0
       0
       0
       0
       0
       0
       0
       0
       0
       0
       0
       0
       0
       0
       0
       0
       0
       0
       0
       0
       0
       0
       0
       0
      11
     368
     362
     336
     341
     325
     334
     306
     335
     312
     308
     332
     313
     336
     325
     303
     293
     298
     280
     337
     282
     328
     341
     321
     324
     317
     287
     294
     282
     316
     274
     289
     336
     285
     288
     277
     285
     276
     252
     279
     264
     275
     278
     273
     284
     269
     283
     260
     238
     242
     229
     251
     273
     236
     270
     271
     256
     268
     260
     251
     247
     262
     252
     276
     263
     267
     256
     259
     225
     245
     251
     244
     256
     232
     237
     262
     235
     238
     237
     260
     240
     229
     265
     309
     224
     247
     238
     256
     256
     238
     242
     244
     243
     238
     230
     218
     231
     273
     218
     219
     223
     246
     214
     202
     217
     215
     229
     218
     226
     206
     217
     220
     199
     197
     259
     226
     196
     207
     227
     186
     219
     214
     213
     212
     203
     205
     203
     221
     225
     186
     201
     204
     198
     208
     188
     204
     199
     211
     179
     172
     160
     199
     165
     182
     160
     153
     142
     147
     157
     134
     141
     128
     142
     120
     116
     124
     121
     116
     114
     114
     115
     105
     124
     124
     133
     105
     106
     112
     105
      94
     103
      92
      99
     107
     113
      83
      85
      80
      96
      94
      96
     106
      94
     100
      94
     100
      99
     104
     130
      94
      98
      88
     107
      91
      86
     105
      91
      91
      98
      98
     115
      82
      97
      73
      88
      90
      92
      92
     100
     103
      94
     102
     110
      79
     113
      99
      86
      89
     100
     105
     110
     106
     106
      93
     112
     142
     116
     152
     134
     178
     173
     224
     216
     264
     303
     347
     401
     454
     464
     529
     639
     713
     827
     892
     943
    1026
    1136
    1211
    1259
    1315
    1404
    1405
    1423
    1526
    1432
    1385
    1474
    1301
    1343
    1275
    1108
    1064
     922
     855
     815
     675
     612
     514
     457
     384
     320
     303
     228
     204
     184
     171
     135
     130
      95
      90
      89
      82
      78
      77
      58
      75
      71
      68
      74
      53
      73
      66
      74
      59
      58
      65
      61
      55
      79
      65
      72
      69
      60
      74
      52
      62
      74
      62
      55
      63
      55
      63
      72
      78
      56
      59
      63
      64
      65
      62
      69
      46
      68
      65
      52
      60
      64
      66
      45
      60
      69
      63
      81
      69
      56
      62
      55
      62
      69
      74
      63
      63
      52
      66
      74
      63
      60
      64
      50
      69
      70
      60
      61
      52
      67
      72
      48
      60
      80
      54
      49
      56
      60
      64
      70
      72
      69
      73
      65
      55
      59
      47
      56
      54
      62
      67
      58
      60
      59
      62
      72
      51
      58
      67
      58
      60
      54
      60
      62
      71
      69
      52
      39
      56
      61
      58
      67
      60
      51
      70
      69
      58
      58
      72
      58
      61
      56
      72
      48
      63
      53
      55
      67
      53
      78
      57
      73
      60
      65
      63
      57
      57
      65
      64
      72
      51
      53
      59
      63
      69
      66
      78
      58
      64
      59
      59
      49
      68
      45
      65
      54
      52
      65
      65
      70
      70
      67
      68
      54
      60
      64
      65
      57
      72
      50
      58
      78
      56
      66
      72
      69
      69
      55
      67
      63
      74
      73
      62
      73
      80
      58
      71
      50
      72
      71
      71
      61
      87
      64
      73
      60
      63
      75
      71
      53
      58
      63
      60
      71
      75
      63
      55
      74
      56
      72
      64
      66
      77
      85
      70
      76
      59
      77
      58
      63
      67
      76
      60
      72
      65
      84
      69
      69
      58
      54
      62
      72
      56
      70
      75
      64
      65
      64
      84
      69
      82
      62
      63
      61
      69
      74
      61
      68
      64
      74
      76
      66
      62
      67
      66
      63
      65
      69
      69
      61
      66
      56
      62
      60
      60
      53
      59
      52
      47
      55
      48
      51
      49
      47
      51
      42
      45
      39
      40
      39
      43
      39
      37
      30
      48
      53
      39
      42
      32
      29
      22
      34
      42
      33
      23
      32
      36
      33
      30
      43
      41
      25
      28
      31
      26
      35
      31
      30
      37
      26
      31
      26
      33
      26
      24
      23
      27
      32
      21
      19
      21
      20
      26
      17
      24
      20
      28
      17
      25
      25
      14
      26
      22
      21
      30
      27
      26
      26
      20
      14
      19
      19
      20
      17
      15
      20
      21
      20
      19
      19
      21
      18
      27
      24
      27
      21
      19
      17
      26
      19
       9
      17
      17
      23
      17
      14
      25
      33
      32
      43
      28
      29
      34
      38
      30
      47
      51
      58
      67
      49
      60
      72
      84
      66
      82
      90
      99
     110
     105
     135
     139
     160
     132
     165
     192
     166
     181
     181
     194
     200
     213
     227
     248
     219
     247
     224
     232
     257
     259
     236
     220
     233
     240
     238
     233
     247
     202
     241
     193
     195
     181
     184
     153
     169
     157
     150
     129
     113
     107
      96
     114
     108
      94
      88
      78
      74
      66
      61
      52
      39
      43
      41
      29
      36
      27
      27
      19
      18
      23
      13
      23
      10
      10
       9
      10
       9
       5
       4
       7
       6
       6
       7
       4
       6
       5
       4
       0
       4
       1
       5
       2
       2
       4
       0
       6
       3
       1
       1
       1
       1
       5
       3
       5
       6
       8
       2
       5
       3
       2
       4
       2
       4
       6
       8
       6
       4
       4
       6
       4
       6
       6
       5
       6
       6
       6
       3
      14
      13
       8
       5
       5
       4
       9
       9
      10
       7
       9
       5
       8
      13
       4
       5
      10
       4
      13
      12
       7
       4
      11
       7
       7
       5
       6
      11
       6
       7
       3
       6
       6
       6
       3
       5
       6
       5
       2
       3
       6
       3
       4
       2
       2
       3
       0
       2
       8
       0
       2
       3
       2
       5
       1
       1
       2
       1
       2
       2
       3
       2
       0
       2
       1
       1
       3
       1
       1
       0
       3
       0
       3
       3
       3
       1
       1
       1
       0
       5
       3
       3
       4
       0
       2
       4
       4
       0
       0
       0
       2
       2
       2
       0
       1
       3
       0
       1
       2
       1
       1
       1
       2
       0
       1
       1
       0
       1
       0
       2
       0
       0
       3
       3
       1
       0
       0
       1
       1
       0
       1
       1
       1
       0
       1
       1
       1
       1
       0
       2
       2
       2
       0
       0
       0
       0
       1
       2
       2
       2
       2
       0
       2
       3
       5
       0
       0
       0
       0
       1
       1
       0
       2
       0
       0
       1
       0
       0
       1
       2
       0
       1
       0
       1
       0
       3
       1
       1
       1
       0
       2
       3
       1
       1
       0
       4
       0
       0
       0
       2
       0
       2
       1
       0
       1
       0
       0
       2
       1
       1
       1
       0
       2
       1
       1
       2
       2
       2
       3
       1
       1
       2
       2
       2
       2
       1
       1
       2
       1
       1
       0
       2
       2
       1
       0
       1
       1
       1
       4
       4
       1
       1
       2
       2
       2
       1
       2
       0
       1
       2
       2
       1
       0
       1
       1
       1
       0
       0
       0
       1
       0
       0
       2
       1
       0
       1
       0
       0
       1
       0
       1
       1
       0
       1
       1
       2
       0
       1
       3
       1
       3
       0
       1
       0
       1
       1
       0
       0
       0
       0
       1
       0
       0
       0
       1
       1
       0
       0
       0
       0
       1
       0
       0
       1
       0
       0
       0
       1
       1
       1
       1
       0
       1
       0
       2
       0
       1
       0
       0
       1
       0
       1
       0
       0
       0
       0
       0
       0
       1
       1
       1
       0
       0
       0
       0
       0
       0
       0
       4
       0
       0
       0
       2
       0
       1
       2
       0
       1
       0
       1
       2
       1
       0
       1
       0
       0
       0
       1
       1
       0
       0
       0
       1
       0
       0
       0
       0
       0
       1
       0
       1
       0
       2
       1
       0
       1
       2
       2
       0
       1
       0
       0
       1
       0
       0
       1
       1
       0
       0
       0
       3
       0
       0
       2
       0
       0
       0
       0
       0
       0
       0
       0
       1
       2
       1
       0
       0
       1
       2
       2
       1
       0
       0
       1
       0
       0
       0
       1
       0
       1
       1
       0
       1
       0
       1
       1
       3
       1
       1
       0
       0
       0
       0
       0
       4
       1
       1
       0
       0
       1
       0
       1
       0
       0
       0
       0
       1
       0
       1
       0
       1
       0
       0
       1
       1
       1
       1
       1
       3
       0
       1
       1
       1
       2
       0
       2
       0
       0
       1
       0
       0
       1
       1
       0
       0
       0
       0
       1
       0
       1
       1
       0
       1
       0
       1
       0
       0
       0
       1
       1
       2
       0
       1
       1
       0
       1
       0
       0
       0
       0
       0
       1
       0
       1
       1
       0
       0
       0
       1
       1
       0
       0
       1
       0
       0
       0
       0
       0
       1
       0
       0
       0
       0
       0
       2
       0
       0
       2
       2
       1
       0
       0
       0
       1
       2
       0
       0
       0
       0
       0
       0
       1
       0
       0
       1
       0
       0
       0
       1
       0
       1
       1
       0
       0
       0
       0
       0
       0
       0
       1
       0
       0
       0
       0
       0
       2
       0
       0
       0
       1
       0
       0
       2
       0
       0
       0
       0
       0
       1
       0
       1
       0
       0
       0
       0
       1
       0
       0
       0
       0
       0
       0
       4
       1
       0
       0
       0
       0
       0
       0
       0
       0
       2
       0
       0
       1
       0
       0
       0
       0
       0
       0
       0
       0
       1
       0
       1
       1
       0
       0
       0
       1
       0
       0
       0
       2
       0
       0
       0
       0
       0
       0
       0
       0
       0
       0
       0
       0
       0
       0
       0
       1
       0
       0
       0
       0
       0
       0
       0
       0
       1
       0
       0
       0
       0
       0
       0
       0
       0
       0
       0
       0
       1
       2
       0
       0
       0
       0
       0
       0
       1
       1
       0
       1
       0
       1
       0
       0
       1
       2
       0
       1
       0
       0
       0
       1
       2
       3
       0
       0
       0
       1
       1
       0
       1
       0
       0
       0
       0
       0
       1
       0
       1
       0
       0
       0
       0
       1
       1
       2
       1
       0
       1
       0
       0
       1
       0
       1
       1
       0
       1
       1
       0
       0
       2
       0
       0
       0
       0
       2
       1
       0
       0
       0
       1
       0
       0
       2
       0
       0
       0
       0
       0
       0
       1
       0
       0
       0
       0
       1
       0
       0
       0
       0
       0
       0
       0
       0
       0
       1
       1
       0
       0
       0
       1
       0
       0
       0
       0
       0
       0
       0
       0
       0
       0
       0
       0
       0
       0
       0
       0
       0
       0
       0
       0
       0
       0
       0
       0
       0
       0
       0
       0
       0
       0
       0
       0
       0
       0
       0
       0
       0
       0
       0
       0
       0
       0
       0
       0
       0
       0
       0
       0
       0
       0
       0
       0
       0
       0
       0
       0
       0
       0
       0
       0
       0
       0
       0
       0
       0
       0
       0
       0
       0
       0
       0
       0
       0
       0
       0
       0
       0
       0
       0
       0
       0
       0
       0
       0
       0
       0
       0
       0
       0
       0
       0
       0
       0
       0
       0
       0
       1
       0
       0
       0
       1
       0
       0
       0
       0
       0
       0
       0
       0
       0
       0
       0
       0
       0
       0
       0
       0
       0
       0
       0
       0
       0
       0
       0
       0
       0
       0
       0
       0
       0
       0
       0
       0
       0
       0
       0
       0
       0
       0
       0
       0
       0
       0
       0
       0
       0
       0
       0
       0
       0
       0
       0
       0
       0
       0
       0
       0
       0
       0
       1
       0
       0
       0
       0
       0
       0
       0
       0
       0
       0
       0
       0
       0
       0
       0
       0
       0
       0
       0
       0
       0
       0
       0
       0
       0
       0
       0
       0
       0
       0
       0
       0
       0
       0
       0
       0
       0
       0
       0
       0
       0
       0
       0
       0
       0
       0
       0
       0
       0
       0
       0
       0
       0
       0
       0
       0
       0
       0
       0
       0
       0
       0
       0
       0
       0
       0
       0
       0
       0
       0
       0
       0
       0
       0
       0
       0
       0
       0
       0
       0
       0
       0
       0
       0
       0
       0
       0
       0
       0
       0
       0
       0
       0
       0
       0
       0
       0
       0
       0
       0
       0
       0
       0
       0
       0
       0
       0
       0
       0
       0
       0
       0
       0
       0
       0
       0
       0
       0
       0
       0
       0
       0
       0
       0
       0
       0
       0
       0
       0
       0
       0
       0
       0
       0
       0
       0
       0
       0
       0
       0
       0
       0
       0
       0
       0
       0
       0
       0
       0
       0
       0
       0
       0
       0
       0
       0
       0
       0
       0
       0
       0
       0
       0
       0
       0
       0
       0
       0
       0
       0
       0
       0
       0
       0
       0
       0
       0
       0
       0
       0
       0
       0
       0
       0
       0
       0
       0
       0
       0
       0
       0
       0
       0
       0
       0
       0
       0
       1
       0
       0
       0
       0
       0
       0
       0
       0
       0
       0
       0
       0
       0
       0
       0
       0
       0
       0
       0
       0
       0
       0
       0
       0
       0
       0
       0
       0
       0
       0
       0
       0
       0
       0
       0
       0
       0
       0
       0
       0
       0
       0
       0
       0
       0
       0
       0
       1
       0
       0
       0
       0
       0
       0
       0
       0
       0
       0
       0
       0
       0
       0
       0
       0
       0
       0
       0
       0
       0
       0
       0
       0
       0
       0
       0
       0
       0
       0
       0
       0
       0
       0
       0
       0
       0
       0
       0
       0
       0
       0
       0
       0
       0
       0
       0
       0
       0
       0
$ROI:
1
1650 1686
$PRESETS:
None
0
0
$ENER_FIT:
0.000000 0.000000
$MCA_CAL:
3
0.000000E+000 0.000000E+000 0.000000E+000 
$SHAPE_CAL:
3
0.000000E+000 0.000000E+000 0.000000E+000
