$SPEC_ID:
No sample description was entered.
$SPEC_REM:
DET# 1
DETDESC# Germanium; 11080668
AP# Maestro Version 6.08
$DATE_MEA:
09/28/2018 16:12:12
$MEAS_TIM:
947 952
$DATA:
0 2047
       0
       0
       0
       0
       0
       0
       0
       0
       0
       0
       0
       0
       0
       0
       0
       0
       0
       0
       0
       0
       0
       0
       0
       0
       0
       0
       0
       0
       0
       0
       0
       0
       0
       0
       0
       0
       0
       0
       0
       0
       0
       0
       0
       0
       0
       0
       0
       0
       0
       0
       0
       0
       0
       1
       0
       5
     146
    4593
    5377
    5563
    5511
    5351
    5031
    4585
    3984
    3585
    3338
    2899
    2961
    2711
    2503
    2423
    2305
    2093
    1843
    1717
    1541
    1503
    1452
    1486
    1560
    1410
    1494
    1464
    1451
    1423
    1409
    1427
    1428
    1447
    1387
    1368
    1400
    1411
    1342
    1478
    1472
    1420
    1493
    1512
    1419
    1493
    1368
    1494
    1439
    1393
    1495
    1496
    1461
    1476
    1450
    1473
    1451
    1532
    1514
    1586
    1569
    1534
    1572
    1630
    1680
    1697
    1685
    1651
    1745
    1922
    1835
    1871
    2005
    1999
    2044
    2024
    2007
    2006
    2020
    2166
    2268
    2450
    2756
    3056
    3259
    3752
    4200
    4595
    4992
    5253
    5353
    5230
    5405
    5173
    4894
    4562
    4261
    3880
    3367
    3082
    2810
    2513
    2260
    2062
    2041
    1893
    1920
    1812
    1763
    1889
    1675
    1853
    1875
    1869
    1761
    1814
    1750
    1844
    1804
    1659
    1622
    1717
    1626
    1670
    1594
    1535
    1669
    1608
    1629
    1680
    1567
    1583
    1525
    1598
    1564
    1632
    1663
    1638
    1759
    1747
    1868
    1946
    1933
    1997
    2021
    2122
    2119
    2211
    2204
    2217
    2131
    2096
    2089
    2043
    1907
    1913
    1875
    1705
    1598
    1645
    1507
    1434
    1435
    1320
    1231
    1256
    1197
    1153
    1125
    1119
    1072
    1119
    1109
    1035
    1103
    1066
    1102
    1070
    1082
    1102
    1053
    1141
    1113
    1024
    1049
    1150
    1114
    1115
    1088
    1182
    1021
    1170
    1164
    1088
    1118
    1067
    1091
    1048
    1082
    1063
    1074
    1007
    1017
    1016
     990
     997
    1012
    1024
    1076
    1064
     965
    1110
    1132
    1100
    1111
    1097
    1131
    1146
    1142
    1186
    1189
    1167
    1218
    1234
    1179
    1203
    1232
    1121
    1158
    1188
    1219
    1194
    1121
    1220
    1174
    1165
    1150
    1249
    1274
    1298
    1326
    1356
    1391
    1460
    1495
    1522
    1473
    1481
    1577
    1576
    1597
    1579
    1586
    1592
    1586
    1513
    1493
    1451
    1449
    1356
    1291
    1280
    1222
    1177
    1055
    1158
    1047
     998
    1012
    1047
    1011
    1075
    1080
    1119
    1078
    1209
    1262
    1243
    1372
    1382
    1418
    1493
    1653
    1658
    1737
    1833
    1841
    1917
    1922
    1956
    1973
    2158
    1985
    1980
    2033
    2010
    1900
    1874
    1803
    1848
    1638
    1666
    1582
    1512
    1427
    1315
    1275
    1184
    1022
    1051
     975
     980
     945
     830
     785
     821
     770
     770
     775
     736
     704
     731
     676
     651
     677
     632
     667
     682
     658
     636
     621
     644
     687
     646
     709
     634
     654
     645
     636
     614
     632
     601
     610
     669
     623
     615
     623
     623
     639
     614
     677
     641
     631
     644
     627
     621
     638
     627
     612
     606
     691
     669
     663
     710
     750
     658
     668
     745
     735
     742
     779
     808
     779
     783
     769
     833
     744
     740
     734
     687
     750
     698
     751
     652
     709
     720
     664
     682
     641
     651
     649
     649
     594
     654
     629
     618
     636
     591
     631
     582
     560
     609
     606
     617
     568
     583
     598
     592
     613
     552
     619
     570
     579
     571
     579
     555
     573
     526
     520
     552
     520
     490
     518
     484
     462
     512
     519
     474
     513
     443
     467
     471
     486
     475
     493
     495
     487
     465
     486
     452
     459
     484
     483
     508
     502
     536
     483
     509
     517
     508
     508
     498
     553
     562
     564
     517
     548
     595
     612
     578
     648
     651
     695
     666
     748
     731
     735
     749
     805
     792
     851
     845
     860
     956
     897
     992
     964
     952
    1058
    1008
    1009
    1015
    1063
    1061
     946
    1058
    1018
     952
     993
     963
     938
     933
     912
     919
     859
     850
     856
     799
     812
     786
     814
     768
     822
     826
     790
     833
     786
     768
     851
     836
     843
     798
     811
     828
     739
     749
     738
     740
     740
     701
     682
     684
     647
     610
     556
     563
     528
     509
     445
     468
     490
     407
     370
     360
     334
     317
     330
     307
     303
     283
     243
     250
     235
     221
     232
     214
     215
     224
     220
     190
     193
     193
     179
     180
     194
     193
     189
     185
     193
     179
     170
     171
     168
     172
     171
     173
     207
     201
     176
     201
     181
     189
     210
     192
     194
     201
     200
     182
     189
     194
     180
     196
     178
     203
     182
     203
     183
     171
     195
     193
     161
     178
     167
     178
     168
     156
     150
     205
     182
     183
     175
     175
     194
     162
     186
     177
     195
     185
     157
     164
     146
     177
     165
     188
     165
     163
     151
     183
     151
     157
     134
     165
     165
     143
     148
     164
     192
     180
     179
     158
     159
     173
     165
     159
     168
     153
     155
     137
     162
     164
     156
     140
     142
     157
     148
     156
     161
     142
     148
     158
     163
     157
     140
     157
     158
     141
     144
     146
     151
     170
     132
     133
     168
     128
     160
     150
     153
     150
     150
     159
     170
     145
     158
     134
     144
     136
     136
     156
     148
     173
     139
     137
     163
     149
     152
     159
     179
     168
     163
     158
     145
     173
     149
     139
     110
     155
     143
     155
     133
     153
     160
     143
     129
     139
     142
     142
     128
     133
     132
     143
     142
     173
     109
     162
     127
     137
     137
     129
     120
     133
     150
     132
     142
     125
     136
     144
     129
     121
     129
     123
     126
     125
     113
     137
     125
     140
     134
     104
     132
     120
     109
     139
     114
     126
     130
     122
     128
     121
     110
     127
     105
     116
     118
     105
      83
     107
     134
     108
     120
      99
     101
     105
     104
     109
     114
     106
     123
     119
     110
     113
      95
     115
     106
     117
     111
     118
     106
     114
     119
     115
     127
     102
     119
     121
     121
     128
     118
     125
     124
     141
     117
     126
     109
     125
     127
     116
     129
     116
     127
     118
     128
     131
     136
     124
     131
     145
     111
     145
     130
     129
     139
     128
     129
     136
     117
     125
     139
     142
     127
     129
     138
     132
     133
     134
     136
     121
     139
     123
     119
     132
     149
     120
     156
     134
     158
     159
     147
     150
     131
     143
     172
     157
     181
     158
     162
     185
     162
     192
     199
     201
     211
     192
     191
     198
     211
     257
     225
     221
     230
     207
     245
     230
     248
     255
     239
     243
     251
     257
     232
     224
     231
     266
     235
     237
     231
     216
     190
     240
     242
     231
     229
     207
     229
     177
     209
     200
     179
     217
     203
     216
     201
     192
     160
     180
     183
     177
     173
     158
     185
     173
     154
     188
     170
     150
     136
     148
     145
     146
     149
     138
     121
     137
     128
     127
     133
     134
     129
     100
     121
     110
     116
     115
     130
     125
     117
     108
     120
     107
      98
      87
      93
      91
     120
     104
      94
      93
      88
     118
      81
      80
      96
     112
     125
     105
     106
      93
     102
      82
     103
     106
     104
     106
      93
      94
      95
      89
     100
     107
      84
      89
     107
      87
      99
      92
      88
     103
     113
      92
      97
      91
     106
      91
      99
      79
      90
      98
     105
      99
     116
      95
      87
     103
      86
      82
     113
      89
      86
     106
      88
      88
      91
      96
      98
     100
      77
     103
      83
      98
      97
      88
      94
     110
      96
      91
      94
      83
      83
      75
      94
      95
      83
      98
      93
      85
      89
      82
      92
      94
     105
      94
      89
      94
      94
      90
      93
      89
      85
      95
      83
     101
      93
     104
      71
      85
      94
      96
      93
      81
     105
      90
     101
      86
      93
     100
     113
      82
     107
      81
      97
      95
      84
      84
      89
     106
      80
      91
      77
      86
      96
      79
      92
     103
     106
      71
      81
      76
      88
      75
     106
      82
      80
     103
      93
      67
      95
      91
      83
      95
      67
      85
      85
      98
      70
      89
      75
      75
      86
      78
      85
      81
      91
      88
      99
      84
      89
      87
      83
      92
      87
      82
      89
      95
      85
      74
      85
      80
      84
      91
      80
      84
      80
      82
      90
      91
      92
      81
     104
      85
      95
      91
     109
      84
      99
      98
     105
      99
     112
      94
      95
      95
      95
      90
     109
      86
     100
     106
     121
     104
     117
      93
     125
     128
     119
     116
     123
     117
     101
     120
     137
     114
     116
     147
     142
     123
     142
     132
     145
     148
     158
     149
     153
     187
     166
     182
     145
     177
     153
     167
     166
     173
     182
     148
     168
     145
     159
     179
     158
     154
     163
     178
     174
     163
     165
     151
     161
     142
     135
     140
     144
     159
     134
     128
     134
     135
     125
     121
     142
     130
     124
     133
     112
     150
     109
     126
     129
     117
     110
     122
     112
     125
     114
     103
     124
     115
     121
     118
     109
     108
     103
     115
     112
     105
      94
     110
     109
     104
      89
     124
     105
     107
     102
     114
      86
     101
      96
     114
     119
     126
      99
     115
     119
     107
     108
     106
     101
     129
     109
     117
      92
     112
     118
      99
     101
     116
      90
     110
     133
     111
     117
     114
     108
     101
     124
     101
     106
     104
     131
     127
     128
     116
     101
     119
     125
     122
     127
     111
     101
     106
     116
     104
     110
     110
     101
      99
     103
      94
      98
     114
     110
      98
      95
     111
      91
     104
     106
     107
      96
      91
     102
      90
      84
     111
      91
      87
      78
      96
      97
      83
      75
      74
      77
      62
      89
      68
      66
      78
      67
      60
      75
      74
      75
      61
      61
      65
      53
      51
      53
      61
      56
      48
      59
      56
      57
      48
      43
      55
      41
      43
      47
      36
      43
      48
      54
      37
      34
      42
      41
      42
      38
      31
      31
      36
      37
      35
      28
      22
      37
      24
      32
      30
      33
      29
      19
      24
      26
      25
      26
      25
      23
      25
      21
      26
      29
      24
      15
      26
      17
       9
      15
      19
      18
      25
      18
      19
      20
      17
      22
      18
      17
      26
      19
      12
      21
      17
      27
      17
      22
      31
      20
      30
      27
      42
      35
      27
      29
      22
      43
      45
      38
      52
      53
      61
      53
      72
      67
      72
      65
      77
      80
      89
     101
      81
      87
     112
     119
     122
     137
     127
     144
     155
     160
     157
     173
     182
     182
     180
     190
     204
     204
     207
     236
     220
     242
     232
     250
     233
     213
     244
     227
     252
     258
     248
     258
     250
     259
     245
     254
     225
     243
     232
     209
     237
     224
     215
     230
     239
     214
     245
     194
     196
     198
     170
     213
     200
     155
     182
     168
     151
     147
     145
     130
     135
     145
     133
     102
     132
     112
     100
     113
     107
      87
      92
      76
      71
      79
      78
      57
      50
      57
      54
      55
      58
      67
      36
      43
      34
      41
      36
      24
      31
      35
      19
      22
      21
      29
      17
      20
      20
      12
      13
      14
      14
      13
       9
       8
       7
       8
       9
      11
       7
       4
       6
       5
       8
       6
       4
       6
       3
       3
       4
       4
       3
       3
       1
       2
       5
       1
       2
       4
       5
       1
       0
       0
       1
       1
       2
       5
       1
       2
       0
       2
       1
       2
       1
       2
       2
       0
       1
       2
       1
       1
       2
       0
       2
       0
       1
       1
       1
       1
       0
       0
       1
       0
       0
       1
       1
       2
       2
       1
       1
       1
       3
       2
       3
       0
       0
       0
       3
       0
       0
       0
       1
       0
       1
       0
       1
       0
       2
       2
       0
       3
       1
       4
       1
       1
       1
       1
       1
       1
       0
       1
       3
       0
       1
       1
       1
       1
       2
       0
       0
       1
       0
       2
       3
       1
       0
       3
       0
       1
       1
       0
       1
       2
       0
       0
       0
       0
       2
       1
       0
       0
       1
       1
       0
       1
       0
       1
       1
       0
       1
       0
       0
       0
       1
       0
       0
       0
       0
       0
       0
       1
       1
       0
       0
       0
       1
       0
       1
       1
       2
       1
       0
       1
       0
       0
       1
       1
       0
       0
       0
       0
       1
       0
       1
       0
       0
       0
       1
       0
       0
       1
       1
       0
       1
       1
       0
       1
       0
       0
       1
       0
       0
       1
       0
       0
       0
       1
       0
       0
       0
       0
       0
       0
       0
       0
       0
       1
       0
       0
       0
       1
       0
       0
       0
       0
       0
       0
       2
       0
       1
       0
       0
       0
       0
       0
       1
       0
       0
       0
       1
       0
       1
       1
       0
       3
       0
       1
       1
       0
       0
       0
       0
       2
       2
       1
       2
       2
       0
       2
       4
       2
       0
       1
       1
       3
       0
       0
       1
       0
       1
       1
       1
       0
       1
       1
       0
       1
       2
       0
       1
       0
       0
       0
       1
       2
       0
       0
       1
       1
       1
       1
       1
       1
       1
       3
       1
       2
       1
       1
       1
       0
       0
       1
       0
       1
       1
       1
       0
       0
       0
       0
       0
       0
       1
       0
       0
       1
       1
       2
       0
       1
       0
       0
       0
       0
       3
       1
       0
       1
       0
       1
       0
       0
       0
       0
       0
       0
       0
       0
       0
       0
       1
       1
       0
       0
       0
       0
       0
       0
       1
       0
       0
       0
       0
       0
       0
       0
       0
       0
       1
       0
       0
       0
       0
       0
       0
       0
       0
       0
       0
       0
       0
       0
       0
       0
       0
       0
       0
       0
       0
       0
       0
       0
       0
       0
       0
       0
       0
       0
       0
       0
       0
       0
       0
       1
       0
       0
       0
       0
       0
       0
       0
       0
       0
       0
       0
       0
       0
       0
       0
       0
       0
       0
       0
       0
       0
       1
       0
       0
       0
       0
       0
       0
       1
       0
       0
       0
       1
       0
       0
       0
       0
       0
       0
       0
       0
       0
       0
       0
       0
       0
       0
       0
       0
       0
       0
       0
       0
       0
       0
       0
       0
       0
       0
       0
       0
       0
       0
       0
       0
       0
       0
       0
       0
       0
       0
       0
       0
       0
       0
       0
       0
       0
       0
       0
       0
       0
       0
       0
       0
       0
       0
$ROI:
1
1526 1709
$PRESETS:
None
0
0
$ENER_FIT:
0.000000 0.001699
$MCA_CAL:
3
0.000000E+000 1.699467E-003 0.000000E+000 keV
$SHAPE_CAL:
3
0.000000E+000 0.000000E+000 0.000000E+000
